4	3	29
5	6	30
14	13	31
15	16	32
24	23	33
25	26	34
1	35	2
2	36	3
6	41	7
7	42	8
8	43	9
9	44	10
10	45	11
11	46	12
12	47	13
17	50	16
18	51	17
19	52	18
20	53	19
21	54	20
22	55	21
23	56	22
27	61	26
28	62	27
37	29	3
38	29	4
39	30	5
40	30	6
47	31	13
48	31	14
49	32	15
50	32	16
57	33	23
58	33	24
59	34	25
60	34	26
37	36	3
40	41	6
57	56	23
60	61	26
38	37	29
39	40	30
48	47	31
49	50	32
58	57	33
59	60	34
69	35	1
70	35	2
70	36	2
75	41	7
75	42	7
76	42	8
76	43	8
77	43	9
77	44	9
78	44	10
78	45	10
79	45	11
79	46	11
80	46	12
80	47	12
85	50	17
85	51	17
86	51	18
86	52	18
87	52	19
87	53	19
88	53	20
88	54	20
89	54	21
89	55	21
90	55	22
90	56	22
95	61	27
95	62	27
96	62	28
38	37	63
39	40	64
48	47	65
49	50	66
58	57	67
59	60	68
37	36	71
40	41	74
57	56	91
60	61	94
71	63	37
72	63	38
73	64	39
74	64	40
81	65	47
82	65	48
83	66	49
84	66	50
91	67	57
92	67	58
93	68	59
94	68	60
69	35	70
70	36	71
74	41	75
75	42	76
76	43	77
77	44	78
78	45	79
79	46	80
80	47	81
85	50	84
86	51	85
87	52	86
88	53	87
89	54	88
90	55	89
91	56	90
95	61	94
96	62	95
72	71	63
73	74	64
82	81	65
83	84	66
92	91	67
93	94	68
72	71	97
73	74	98
82	81	99
83	84	100
92	91	101
93	94	102
69	103	70
70	104	71
74	109	75
75	110	76
76	111	77
77	112	78
78	113	79
79	114	80
80	115	81
85	118	84
86	119	85
87	120	86
88	121	87
89	122	88
90	123	89
91	124	90
95	129	94
96	130	95
105	97	71
106	97	72
107	98	73
108	98	74
115	99	81
116	99	82
117	100	83
118	100	84
125	101	91
126	101	92
127	102	93
128	102	94
105	104	71
108	109	74
125	124	91
128	129	94
106	105	97
107	108	98
116	115	99
117	118	100
126	125	101
127	128	102
137	103	69
138	103	70
138	104	70
143	109	75
143	110	75
144	110	76
144	111	76
145	111	77
145	112	77
146	112	78
146	113	78
147	113	79
147	114	79
148	114	80
148	115	80
153	118	85
153	119	85
154	119	86
154	120	86
155	120	87
155	121	87
156	121	88
156	122	88
157	122	89
157	123	89
158	123	90
158	124	90
163	129	95
163	130	95
164	130	96
106	105	131
107	108	132
116	115	133
117	118	134
126	125	135
127	128	136
105	104	139
108	109	142
125	124	159
128	129	162
139	131	105
140	131	106
141	132	107
142	132	108
149	133	115
150	133	116
151	134	117
152	134	118
159	135	125
160	135	126
161	136	127
162	136	128
137	103	138
138	104	139
142	109	143
143	110	144
144	111	145
145	112	146
146	113	147
147	114	148
148	115	149
153	118	152
154	119	153
155	120	154
156	121	155
157	122	156
158	123	157
159	124	158
163	129	162
164	130	163
140	139	131
141	142	132
150	149	133
151	152	134
160	159	135
161	162	136
140	139	165
141	142	166
150	149	167
151	152	168
160	159	169
161	162	170
137	171	138
138	172	139
142	177	143
143	178	144
144	179	145
145	180	146
146	181	147
147	182	148
148	183	149
153	186	152
154	187	153
155	188	154
156	189	155
157	190	156
158	191	157
159	192	158
163	197	162
164	198	163
173	165	139
174	165	140
175	166	141
176	166	142
183	167	149
184	167	150
185	168	151
186	168	152
193	169	159
194	169	160
195	170	161
196	170	162
173	172	139
176	177	142
193	192	159
196	197	162
174	173	165
175	176	166
184	183	167
185	186	168
194	193	169
195	196	170
205	171	137
206	171	138
206	172	138
211	177	143
211	178	143
212	178	144
212	179	144
213	179	145
213	180	145
214	180	146
214	181	146
215	181	147
215	182	147
216	182	148
216	183	148
221	186	153
221	187	153
222	187	154
222	188	154
223	188	155
223	189	155
224	189	156
224	190	156
225	190	157
225	191	157
226	191	158
226	192	158
231	197	163
231	198	163
232	198	164
174	173	199
175	176	200
184	183	201
185	186	202
194	193	203
195	196	204
173	172	207
176	177	210
193	192	227
196	197	230
207	199	173
208	199	174
209	200	175
210	200	176
217	201	183
218	201	184
219	202	185
220	202	186
227	203	193
228	203	194
229	204	195
230	204	196
205	171	206
206	172	207
210	177	211
211	178	212
212	179	213
213	180	214
214	181	215
215	182	216
216	183	217
221	186	220
222	187	221
223	188	222
224	189	223
225	190	224
226	191	225
227	192	226
231	197	230
232	198	231
208	207	199
209	210	200
218	217	201
219	220	202
228	227	203
229	230	204
208	207	233
209	210	234
218	217	235
219	220	236
228	227	237
229	230	238
205	239	206
206	240	207
210	245	211
211	246	212
212	247	213
213	248	214
214	249	215
215	250	216
216	251	217
221	254	220
222	255	221
223	256	222
224	257	223
225	258	224
226	259	225
227	260	226
231	265	230
232	266	231
241	233	207
242	233	208
243	234	209
244	234	210
251	235	217
252	235	218
253	236	219
254	236	220
261	237	227
262	237	228
263	238	229
264	238	230
241	240	207
244	245	210
261	260	227
264	265	230
242	241	233
243	244	234
252	251	235
253	254	236
262	261	237
263	264	238
273	239	205
274	239	206
274	240	206
279	245	211
279	246	211
280	246	212
280	247	212
281	247	213
281	248	213
282	248	214
282	249	214
283	249	215
283	250	215
284	250	216
284	251	216
289	254	221
289	255	221
290	255	222
290	256	222
291	256	223
291	257	223
292	257	224
292	258	224
293	258	225
293	259	225
294	259	226
294	260	226
299	265	231
299	266	231
300	266	232
242	241	267
243	244	268
252	251	269
253	254	270
262	261	271
263	264	272
241	240	275
244	245	278
261	260	295
264	265	298
275	267	241
276	267	242
277	268	243
278	268	244
285	269	251
286	269	252
287	270	253
288	270	254
295	271	261
296	271	262
297	272	263
298	272	264
273	239	274
274	240	275
278	245	279
279	246	280
280	247	281
281	248	282
282	249	283
283	250	284
284	251	285
289	254	288
290	255	289
291	256	290
292	257	291
293	258	292
294	259	293
295	260	294
299	265	298
300	266	299
276	275	267
277	278	268
286	285	269
287	288	270
296	295	271
297	298	272
276	275	301
277	278	302
286	285	303
287	288	304
296	295	305
297	298	306
273	307	274
274	308	275
278	313	279
279	314	280
280	315	281
281	316	282
282	317	283
283	318	284
284	319	285
289	322	288
290	323	289
291	324	290
292	325	291
293	326	292
294	327	293
295	328	294
299	333	298
300	334	299
309	301	275
310	301	276
311	302	277
312	302	278
319	303	285
320	303	286
321	304	287
322	304	288
329	305	295
330	305	296
331	306	297
332	306	298
309	308	275
312	313	278
329	328	295
332	333	298
310	309	301
311	312	302
320	319	303
321	322	304
330	329	305
331	332	306
341	307	273
342	307	274
342	308	274
347	313	279
347	314	279
348	314	280
348	315	280
349	315	281
349	316	281
350	316	282
350	317	282
351	317	283
351	318	283
352	318	284
352	319	284
357	322	289
357	323	289
358	323	290
358	324	290
359	324	291
359	325	291
360	325	292
360	326	292
361	326	293
361	327	293
362	327	294
362	328	294
367	333	299
367	334	299
368	334	300
310	309	335
311	312	336
320	319	337
321	322	338
330	329	339
331	332	340
309	308	343
312	313	346
329	328	363
332	333	366
343	335	309
344	335	310
345	336	311
346	336	312
353	337	319
354	337	320
355	338	321
356	338	322
363	339	329
364	339	330
365	340	331
366	340	332
341	307	342
342	308	343
346	313	347
347	314	348
348	315	349
349	316	350
350	317	351
351	318	352
352	319	353
357	322	356
358	323	357
359	324	358
360	325	359
361	326	360
362	327	361
363	328	362
367	333	366
368	334	367
344	343	335
345	346	336
354	353	337
355	356	338
364	363	339
365	366	340
344	343	369
345	346	370
354	353	371
355	356	372
364	363	373
365	366	374
341	375	342
342	376	343
346	381	347
347	382	348
348	383	349
349	384	350
350	385	351
351	386	352
352	387	353
357	390	356
358	391	357
359	392	358
360	393	359
361	394	360
362	395	361
363	396	362
367	401	366
368	402	367
377	369	343
378	369	344
379	370	345
380	370	346
387	371	353
388	371	354
389	372	355
390	372	356
397	373	363
398	373	364
399	374	365
400	374	366
377	376	343
380	381	346
397	396	363
400	401	366
378	377	369
379	380	370
388	387	371
389	390	372
398	397	373
399	400	374
409	375	341
410	375	342
410	376	342
417	381	347
417	382	347
418	382	348
418	383	348
419	383	349
419	384	349
420	384	350
420	385	350
421	385	351
421	386	351
422	386	352
422	387	352
427	390	357
427	391	357
428	391	358
428	392	358
429	392	359
429	393	359
430	393	360
430	394	360
431	394	361
431	395	361
432	395	362
432	396	362
439	401	367
439	402	367
440	402	368
378	377	403
379	380	404
388	387	405
389	390	406
398	397	407
399	400	408
377	376	411
380	381	416
397	396	433
400	401	438
411	403	377
412	403	378
415	404	379
416	404	380
423	405	387
424	405	388
425	406	389
426	406	390
433	407	397
434	407	398
437	408	399
438	408	400
409	375	410
410	376	411
412	413	378
415	414	379
416	381	417
417	382	418
418	383	419
419	384	420
420	385	421
421	386	422
422	387	423
427	390	426
428	391	427
429	392	428
430	393	429
431	394	430
432	395	431
433	396	432
434	435	398
437	436	399
439	401	438
440	402	439
412	411	403
415	416	404
424	423	405
425	426	406
434	433	407
437	438	408
413	412	441
414	415	442
424	423	443
425	426	444
435	434	445
436	437	446
409	447	410
410	448	411
412	411	449
415	416	457
416	458	417
417	459	418
418	460	419
419	461	420
420	462	421
421	463	422
422	464	423
427	467	426
428	468	427
429	469	428
430	470	429
431	471	430
432	472	431
433	473	432
434	433	474
437	438	482
439	483	438
440	484	439
449	441	412
450	441	413
456	442	414
457	442	415
464	443	423
465	443	424
466	444	425
467	444	426
474	445	434
475	445	435
481	446	436
482	446	437
450	451	413
456	455	414
475	476	435
481	480	436
450	449	441
456	457	442
465	464	443
466	467	444
475	474	445
481	482	446
499	447	409
500	447	410
500	448	410
501	448	411
501	449	411
509	457	416
509	458	416
510	458	417
510	459	417
511	459	418
511	460	418
512	460	419
512	461	419
513	461	420
513	462	420
514	462	421
514	463	421
515	463	422
515	464	422
520	467	427
520	468	427
521	468	428
521	469	428
522	469	429
522	470	429
523	470	430
523	471	430
524	471	431
524	472	431
525	472	432
525	473	432
526	473	433
526	474	433
534	482	438
534	483	438
535	483	439
535	484	439
536	484	440
451	450	485
452	451	486
453	452	487
453	454	488
454	455	489
455	456	490
465	464	491
466	467	492
476	475	493
477	476	494
478	477	495
478	479	496
479	480	497
480	481	498
450	449	502
456	457	508
475	474	527
481	482	533
502	485	450
503	485	451
503	486	451
504	486	452
504	487	452
505	487	453
505	488	453
506	488	454
506	489	454
507	489	455
507	490	455
508	490	456
516	491	464
517	491	465
518	492	466
519	492	467
527	493	475
528	493	476
528	494	476
529	494	477
529	495	477
530	495	478
530	496	478
531	496	479
531	497	479
532	497	480
532	498	480
533	498	481
499	447	500
500	448	501
501	449	502
508	457	509
509	458	510
510	459	511
511	460	512
512	461	513
513	462	514
514	463	515
515	464	516
520	467	519
521	468	520
522	469	521
523	470	522
524	471	523
525	472	524
526	473	525
527	474	526
534	482	533
535	483	534
536	484	535
503	502	485
504	503	486
505	504	487
505	506	488
506	507	489
507	508	490
517	516	491
518	519	492
528	527	493
529	528	494
530	529	495
530	531	496
531	532	497
532	533	498
517	516	537
518	519	538
499	539	500
500	540	501
501	541	502
503	542	502
503	542	504
505	543	504
505	543	506
507	544	506
507	544	508
508	545	509
509	546	510
510	547	511
511	548	512
512	549	513
513	550	514
514	551	515
515	552	516
520	555	519
521	556	520
522	557	521
523	558	522
524	559	523
525	560	524
526	561	525
527	562	526
528	563	527
528	563	529
530	564	529
530	564	531
532	565	531
532	565	533
534	566	533
535	567	534
536	568	535
552	537	516
553	537	517
554	538	518
555	538	519
553	552	537
554	555	538
571	539	499
572	539	500
572	540	500
573	540	501
573	541	501
574	541	502
574	542	502
575	542	504
575	543	504
576	543	506
576	544	506
577	544	508
577	545	508
578	545	509
578	546	509
579	546	510
579	547	510
580	547	511
580	548	511
581	548	512
581	549	512
582	549	513
582	550	513
583	550	514
583	551	514
584	551	515
584	552	515
589	555	520
589	556	520
590	556	521
590	557	521
591	557	522
591	558	522
592	558	523
592	559	523
593	559	524
593	560	524
594	560	525
594	561	525
595	561	526
595	562	526
596	562	527
596	563	527
597	563	529
597	564	529
598	564	531
598	565	531
599	565	533
599	566	533
600	566	534
600	567	534
601	567	535
601	568	535
602	568	536
553	552	569
554	555	570
585	569	552
586	569	553
587	570	554
588	570	555
571	539	572
572	540	573
573	541	574
574	542	575
575	543	576
576	544	577
577	545	578
578	546	579
579	547	580
580	548	581
581	549	582
582	550	583
583	551	584
584	552	585
589	555	588
590	556	589
591	557	590
592	558	591
593	559	592
594	560	593
595	561	594
596	562	595
597	563	596
598	564	597
599	565	598
600	566	599
601	567	600
602	568	601
586	585	569
587	588	570
586	585	603
587	588	604
571	605	572
572	606	573
573	607	574
574	608	575
575	609	576
576	610	577
577	611	578
578	612	579
579	613	580
580	614	581
581	615	582
582	616	583
583	617	584
584	618	585
589	621	588
590	622	589
591	623	590
592	624	591
593	625	592
594	626	593
595	627	594
596	628	595
597	629	596
598	630	597
599	631	598
600	632	599
601	633	600
602	634	601
585	603	618
586	603	619
587	604	620
588	604	621
619	618	603
620	621	604
635	605	571
636	605	572
636	606	572
637	606	573
637	607	573
638	607	574
638	608	574
639	608	575
639	609	575
640	609	576
640	610	576
641	610	577
641	611	577
642	611	578
642	612	578
643	612	579
643	613	579
644	613	580
644	614	580
645	614	581
645	615	581
646	615	582
646	616	582
647	616	583
647	617	583
648	617	584
648	618	584
655	621	589
655	622	589
656	622	590
656	623	590
657	623	591
657	624	591
658	624	592
658	625	592
659	625	593
659	626	593
660	626	594
660	627	594
661	627	595
661	628	595
662	628	596
662	629	596
663	629	597
663	630	597
664	630	598
664	631	598
665	631	599
665	632	599
666	632	600
666	633	600
667	633	601
667	634	601
668	634	602
618	650	619
621	653	620
635	605	636
636	606	637
637	607	638
638	608	639
639	609	640
640	610	641
641	611	642
642	612	643
643	613	644
644	614	645
645	615	646
646	616	647
647	617	648
648	618	649
650	618	649
651	619	650
652	620	653
653	621	654
655	621	654
656	622	655
657	623	656
658	624	657
659	625	658
660	626	659
661	627	660
662	628	661
663	629	662
664	630	663
665	631	664
666	632	665
667	633	666
668	634	667
651	650	669
652	653	670
635	671	636
636	672	637
637	673	638
638	674	639
639	675	640
640	676	641
641	677	642
642	678	643
643	679	644
644	680	645
645	681	646
646	682	647
647	683	648
648	684	649
650	684	649
653	691	654
655	691	654
656	692	655
657	693	656
658	694	657
659	695	658
660	696	659
661	697	660
662	698	661
663	699	662
664	700	663
665	701	664
666	702	665
667	703	666
668	704	667
650	669	685
651	669	686
652	670	689
653	670	690
684	650	685
687	651	686
688	652	689
691	653	690
686	685	669
689	690	670
707	671	635
708	671	636
708	672	636
709	672	637
709	673	637
710	673	638
710	674	638
711	674	639
711	675	639
712	675	640
712	676	640
713	676	641
713	677	641
714	677	642
714	678	642
715	678	643
715	679	643
716	679	644
716	680	644
717	680	645
717	681	645
718	681	646
718	682	646
719	682	647
719	683	647
720	683	648
720	684	648
729	691	655
729	692	655
730	692	656
730	693	656
731	693	657
731	694	657
732	694	658
732	695	658
733	695	659
733	696	659
734	696	660
734	697	660
735	697	661
735	698	661
736	698	662
736	699	662
737	699	663
737	700	663
738	700	664
738	701	664
739	701	665
739	702	665
740	702	666
740	703	666
741	703	667
741	704	667
742	704	668
687	686	705
688	689	706
721	684	685
721	686	685
728	689	690
728	691	690
686	705	722
687	705	723
688	706	726
689	706	727
707	671	708
708	672	709
709	673	710
710	674	711
711	675	712
712	676	713
713	677	714
714	678	715
715	679	716
716	680	717
717	681	718
718	682	719
719	683	720
720	684	721
721	686	722
724	687	723
725	688	726
728	689	727
729	691	728
730	692	729
731	693	730
732	694	731
733	695	732
734	696	733
735	697	734
736	698	735
737	699	736
738	700	737
739	701	738
740	702	739
741	703	740
742	704	741
723	722	705
726	727	706
724	723	743
725	726	744
707	745	708
708	746	709
709	747	710
710	748	711
711	749	712
712	750	713
713	751	714
714	752	715
715	753	716
716	754	717
717	755	718
718	756	719
719	757	720
720	758	721
721	759	722
723	759	722
726	771	727
728	771	727
728	772	729
729	773	730
730	774	731
732	775	731
733	776	732
734	777	733
735	778	734
736	779	735
737	780	736
738	781	737
739	782	738
740	783	739
741	784	740
742	785	741
723	743	760
724	743	761
725	744	769
726	744	770
759	723	760
762	724	761
768	725	769
771	726	770
761	760	743
769	770	744
794	745	707
795	745	708
795	746	708
796	746	709
796	747	709
797	747	710
797	748	710
798	748	711
798	749	711
799	749	712
799	750	712
800	750	713
800	751	713
801	751	714
801	752	714
802	752	715
802	753	715
803	753	716
803	754	716
804	754	717
804	755	717
805	755	718
805	756	718
806	756	719
806	757	719
807	757	720
807	758	720
808	758	721
808	759	721
820	771	728
820	772	728
821	772	729
821	773	729
822	773	730
822	774	730
823	774	731
823	775	731
824	775	732
824	776	732
825	776	733
825	777	733
826	777	734
826	778	734
827	778	735
827	779	735
828	779	736
828	780	736
829	780	737
829	781	737
830	781	738
830	782	738
831	782	739
831	783	739
832	783	740
832	784	740
833	784	741
833	785	741
834	785	742
762	761	786
763	762	787
764	763	788
765	764	789
765	766	790
766	767	791
767	768	792
768	769	793
809	759	760
809	761	760
819	769	770
819	771	770
761	786	810
762	786	811
762	787	811
763	787	812
763	788	812
764	788	813
764	789	813
765	789	814
765	790	814
766	790	815
766	791	815
767	791	816
767	792	816
768	792	817
768	793	817
769	793	818
794	745	795
795	746	796
796	747	797
797	748	798
798	749	799
799	750	800
800	751	801
801	752	802
802	753	803
803	754	804
804	755	805
805	756	806
806	757	807
807	758	808
808	759	809
809	761	810
819	769	818
820	771	819
821	772	820
822	773	821
823	774	822
824	775	823
825	776	824
826	777	825
827	778	826
828	779	827
829	780	828
830	781	829
831	782	830
832	783	831
833	784	832
834	785	833
811	810	786
812	811	787
813	812	788
814	813	789
814	815	790
815	816	791
816	817	792
817	818	793
794	835	795
795	836	796
796	837	797
797	838	798
798	839	799
799	840	800
800	841	801
801	842	802
802	843	803
803	844	804
804	845	805
805	846	806
806	847	807
807	848	808
808	849	809
809	850	810
811	850	810
811	851	812
813	851	812
813	852	814
815	852	814
815	853	816
817	853	816
817	854	818
819	854	818
820	855	819
821	856	820
822	857	821
823	858	822
824	859	823
825	860	824
826	861	825
827	862	826
828	863	827
829	864	828
830	865	829
831	866	830
832	867	831
833	868	832
834	869	833
870	835	794
871	835	795
871	836	795
872	836	796
872	837	796
873	837	797
873	838	797
875	838	798
875	839	798
877	839	799
877	840	799
879	840	800
879	841	800
880	841	801
880	842	801
881	842	802
881	843	802
882	843	803
882	844	803
883	844	804
883	845	804
884	845	805
884	846	805
885	846	806
885	847	806
886	847	807
886	848	807
887	848	808
887	849	808
888	849	809
888	850	809
889	850	811
889	851	811
890	851	813
890	852	813
891	852	815
891	853	815
892	853	817
892	854	817
893	854	819
893	855	819
894	855	820
894	856	820
895	856	821
895	857	821
896	857	822
896	858	822
897	858	823
897	859	823
898	859	824
898	860	824
899	860	825
899	861	825
900	861	826
900	862	826
901	862	827
901	863	827
902	863	828
902	864	828
904	864	829
904	865	829
906	865	830
906	866	830
908	866	831
908	867	831
909	867	832
909	868	832
910	868	833
910	869	833
911	869	834
870	835	871
871	836	872
872	837	873
873	838	874
875	838	874
875	839	876
877	839	876
877	840	878
879	840	878
879	841	880
880	842	881
881	843	882
882	844	883
883	845	884
884	846	885
885	847	886
886	848	887
887	849	888
888	850	889
889	851	890
890	852	891
892	853	891
893	854	892
894	855	893
895	856	894
896	857	895
897	858	896
898	859	897
899	860	898
900	861	899
901	862	900
902	863	901
902	864	903
904	864	903
904	865	905
906	865	905
906	866	907
908	866	907
909	867	908
910	868	909
911	869	910
874	873	912
875	874	913
876	875	914
876	877	915
877	878	916
878	879	917
903	902	918
904	903	919
905	904	920
905	906	921
906	907	922
907	908	923
870	924	871
871	925	872
872	926	873
879	938	880
880	939	881
881	940	882
882	941	883
883	942	884
884	943	885
885	944	886
886	945	887
887	946	888
888	947	889
889	948	890
890	949	891
892	950	891
893	951	892
894	952	893
895	953	894
896	954	895
897	955	896
898	956	897
899	957	898
900	958	899
901	959	900
902	960	901
909	972	908
910	973	909
911	974	910
873	912	927
874	912	928
874	913	928
875	913	930
875	914	930
876	914	932
876	915	932
877	915	934
877	916	934
878	916	936
878	917	936
879	917	937
902	918	961
903	918	962
903	919	962
904	919	964
904	920	964
905	920	966
905	921	966
906	921	968
906	922	968
907	922	970
907	923	970
908	923	971
873	926	927
879	938	937
902	960	961
908	972	971
928	927	912
929	928	913
929	930	913
931	930	914
931	932	914
933	932	915
933	934	915
935	934	916
935	936	916
936	937	917
962	961	918
963	962	919
963	964	919
965	964	920
965	966	920
967	966	921
967	968	921
969	968	922
969	970	922
970	971	923
1017	924	870
1018	924	871
1018	925	871
1019	925	872
1019	926	872
1030	938	880
1030	939	880
1031	939	881
1031	940	881
1032	940	882
1032	941	882
1033	941	883
1033	942	883
1034	942	884
1034	943	884
1035	943	885
1035	944	885
1036	944	886
1036	945	886
1037	945	887
1037	946	887
1038	946	888
1038	947	888
1039	947	889
1039	948	889
1040	948	890
1040	949	890
1041	949	891
1041	950	891
1042	950	892
1042	951	892
1043	951	893
1043	952	893
1044	952	894
1044	953	894
1045	953	895
1045	954	895
1046	954	896
1046	955	896
1047	955	897
1047	956	897
1048	956	898
1048	957	898
1049	957	899
1049	958	899
1050	958	900
1050	959	900
1051	959	901
1051	960	901
1062	972	909
1062	973	909
1063	973	910
1063	974	910
1064	974	911
929	930	975
930	931	976
931	932	977
933	932	978
934	933	979
935	934	980
963	964	981
964	965	982
965	966	983
967	966	984
968	967	985
969	968	986
927	926	987
928	927	988
990	928	929
996	936	935
936	937	998
937	938	999
961	960	1000
962	961	1001
1003	962	963
1009	970	969
970	971	1011
971	972	1012
990	975	929
991	975	930
991	976	930
992	976	931
992	977	931
993	977	932
993	978	932
994	978	933
994	979	933
995	979	934
995	980	934
996	980	935
1003	981	963
1004	981	964
1004	982	964
1005	982	965
1005	983	965
1006	983	966
1006	984	966
1007	984	967
1007	985	967
1008	985	968
1008	986	968
1009	986	969
928	988	989
989	990	928
997	996	936
936	998	997
962	1001	1002
1002	1003	962
1010	1009	970
970	1011	1010
990	991	975
991	992	976
992	993	977
994	993	978
995	994	979
996	995	980
1003	1004	981
1004	1005	982
1005	1006	983
1007	1006	984
1008	1007	985
1009	1008	986
926	987	1020
927	987	1021
927	988	1021
937	998	1028
937	999	1028
938	999	1029
960	1000	1052
961	1000	1053
961	1001	1053
971	1011	1060
971	1012	1060
972	1012	1061
989	990	1013
997	996	1014
1002	1003	1015
1010	1009	1016
1017	924	1018
1018	925	1019
1019	926	1020
1023	988	989
990	991	1024
996	995	1025
1026	998	997
1029	938	1030
1030	939	1031
1031	940	1032
1032	941	1033
1033	942	1034
1034	943	1035
1035	944	1036
1036	945	1037
1037	946	1038
1038	947	1039
1039	948	1040
1040	949	1041
1042	950	1041
1043	951	1042
1044	952	1043
1045	953	1044
1046	954	1045
1047	955	1046
1048	956	1047
1049	957	1048
1050	958	1049
1051	959	1050
1052	960	1051
1055	1001	1002
1003	1004	1056
1009	1008	1057
1058	1011	1010
1062	972	1061
1063	973	1062
1064	974	1063
1023	1013	989
1024	1013	990
1025	1014	996
1026	1014	997
1055	1015	1002
1056	1015	1003
1057	1016	1009
1058	1016	1010
1021	1020	987
1022	1021	988
1022	1023	988
1027	1026	998
1027	1028	998
1028	1029	999
1053	1052	1000
1054	1053	1001
1054	1055	1001
1059	1058	1011
1059	1060	1011
1060	1061	1012
1023	1024	1013
1026	1025	1014
1055	1056	1015
1058	1057	1016
1021	1022	1065
1022	1023	1066
1027	1026	1067
1028	1027	1068
1053	1054	1069
1054	1055	1070
1059	1058	1071
1060	1059	1072
1021	1020	1073
1023	1024	1076
1026	1025	1077
1028	1029	1080
1053	1052	1081
1055	1056	1084
1058	1057	1085
1060	1061	1088
1074	1065	1021
1075	1065	1022
1075	1066	1022
1066	1023	1076
1077	1067	1026
1078	1067	1027
1078	1068	1027
1079	1068	1028
1082	1069	1053
1083	1069	1054
1083	1070	1054
1084	1070	1055
1058	1071	1085
1086	1071	1059
1086	1072	1059
1087	1072	1060
1017	1093	1018
1018	1094	1019
1019	1095	1020
1074	1073	1021
1079	1080	1028
1029	1100	1030
1030	1101	1031
1031	1102	1032
1032	1103	1033
1033	1104	1034
1034	1105	1035
1035	1106	1036
1036	1107	1037
1037	1108	1038
1038	1109	1039
1039	1110	1040
1040	1111	1041
1042	1112	1041
1043	1113	1042
1044	1114	1043
1045	1115	1044
1046	1116	1045
1047	1117	1046
1048	1118	1047
1049	1119	1048
1050	1120	1049
1051	1121	1050
1052	1122	1051
1082	1081	1053
1087	1088	1060
1062	1127	1061
1063	1128	1062
1064	1129	1063
1074	1075	1065
1075	1076	1066
1078	1077	1067
1079	1078	1068
1082	1083	1069
1083	1084	1070
1086	1085	1071
1087	1086	1072
1020	1073	1095
1029	1080	1100
1052	1081	1122
1061	1088	1127
1074	1075	1089
1079	1078	1090
1082	1083	1091
1087	1086	1092
1074	1073	1096
1075	1076	1097
1078	1077	1098
1079	1080	1099
1082	1081	1123
1083	1084	1124
1086	1085	1125
1087	1088	1126
1096	1089	1074
1097	1089	1075
1098	1090	1078
1099	1090	1079
1123	1091	1082
1124	1091	1083
1125	1092	1086
1126	1092	1087
1096	1095	1073
1099	1100	1080
1123	1122	1081
1126	1127	1088
1096	1097	1089
1099	1098	1090
1123	1124	1091
1126	1125	1092
1150	1093	1017
1151	1093	1018
1151	1094	1018
1152	1094	1019
1152	1095	1019
1159	1100	1030
1159	1101	1030
1160	1101	1031
1160	1102	1031
1161	1102	1032
1161	1103	1032
1162	1103	1033
1162	1104	1033
1163	1104	1034
1163	1105	1034
1164	1105	1035
1164	1106	1035
1165	1106	1036
1165	1107	1036
1166	1107	1037
1166	1108	1037
1167	1108	1038
1167	1109	1038
1168	1109	1039
1168	1110	1039
1169	1110	1040
1169	1111	1040
1170	1111	1041
1170	1112	1041
1171	1112	1042
1171	1113	1042
1172	1113	1043
1172	1114	1043
1173	1114	1044
1173	1115	1044
1174	1115	1045
1174	1116	1045
1175	1116	1046
1175	1117	1046
1176	1117	1047
1176	1118	1047
1177	1118	1048
1177	1119	1048
1178	1119	1049
1178	1120	1049
1179	1120	1050
1179	1121	1050
1180	1121	1051
1180	1122	1051
1187	1127	1062
1187	1128	1062
1188	1128	1063
1188	1129	1063
1189	1129	1064
1096	1097	1130
1099	1098	1131
1123	1124	1132
1126	1125	1133
1096	1095	1134
1099	1100	1139
1123	1122	1140
1126	1127	1145
1135	1130	1096
1136	1130	1097
1137	1131	1098
1138	1131	1099
1141	1132	1123
1142	1132	1124
1143	1133	1125
1144	1133	1126
1135	1134	1096
1138	1139	1099
1141	1140	1123
1144	1145	1126
1135	1136	1130
1138	1137	1131
1141	1142	1132
1144	1143	1133
1095	1134	1153
1100	1139	1158
1122	1140	1181
1127	1145	1186
1135	1136	1146
1138	1137	1147
1141	1142	1148
1144	1143	1149
1150	1093	1151
1151	1094	1152
1152	1095	1153
1135	1134	1154
1138	1139	1157
1158	1100	1159
1159	1101	1160
1160	1102	1161
1161	1103	1162
1162	1104	1163
1163	1105	1164
1164	1106	1165
1165	1107	1166
1166	1108	1167
1167	1109	1168
1168	1110	1169
1169	1111	1170
1171	1112	1170
1172	1113	1171
1173	1114	1172
1174	1115	1173
1175	1116	1174
1176	1117	1175
1177	1118	1176
1178	1119	1177
1179	1120	1178
1180	1121	1179
1181	1122	1180
1141	1140	1182
1144	1145	1185
1187	1127	1186
1188	1128	1187
1189	1129	1188
1154	1146	1135
1155	1146	1136
1156	1147	1137
1157	1147	1138
1182	1148	1141
1183	1148	1142
1184	1149	1143
1185	1149	1144
1154	1153	1134
1157	1158	1139
1182	1181	1140
1185	1186	1145
1154	1155	1146
1157	1156	1147
1182	1183	1148
1185	1184	1149
1154	1155	1190
1157	1156	1191
1182	1183	1192
1185	1184	1193
1154	1153	1194
1157	1158	1199
1182	1181	1200
1185	1186	1205
1154	1190	1195
1155	1190	1196
1156	1191	1197
1157	1191	1198
1182	1192	1201
1183	1192	1202
1184	1193	1203
1185	1193	1204
1150	1210	1151
1151	1211	1152
1152	1212	1153
1195	1194	1154
1198	1199	1157
1159	1217	1158
1159	1218	1160
1160	1219	1161
1161	1220	1162
1162	1221	1163
1163	1222	1164
1164	1223	1165
1165	1224	1166
1166	1225	1167
1167	1226	1168
1168	1227	1169
1169	1228	1170
1171	1229	1170
1172	1230	1171
1173	1231	1172
1174	1232	1173
1175	1233	1174
1176	1234	1175
1177	1235	1176
1178	1236	1177
1179	1237	1178
1180	1238	1179
1180	1239	1181
1201	1200	1182
1204	1205	1185
1187	1244	1186
1188	1245	1187
1189	1246	1188
1195	1196	1190
1198	1197	1191
1201	1202	1192
1204	1203	1193
1212	1194	1153
1217	1199	1158
1239	1200	1181
1244	1205	1186
1195	1196	1206
1198	1197	1207
1201	1202	1208
1204	1203	1209
1195	1194	1213
1198	1199	1216
1201	1200	1240
1204	1205	1243
1195	1206	1213
1196	1206	1214
1197	1207	1215
1198	1207	1216
1201	1208	1240
1202	1208	1241
1203	1209	1242
1204	1209	1243
1213	1212	1194
1216	1217	1199
1240	1239	1200
1243	1244	1205
1213	1214	1206
1216	1215	1207
1240	1241	1208
1243	1242	1209
1275	1210	1150
1276	1210	1151
1276	1211	1151
1277	1211	1152
1277	1212	1152
1288	1217	1159
1288	1218	1159
1289	1218	1160
1289	1219	1160
1290	1219	1161
1290	1220	1161
1291	1220	1162
1291	1221	1162
1292	1221	1163
1292	1222	1163
1293	1222	1164
1293	1223	1164
1294	1223	1165
1294	1224	1165
1295	1224	1166
1295	1225	1166
1296	1225	1167
1296	1226	1167
1297	1226	1168
1297	1227	1168
1298	1227	1169
1298	1228	1169
1299	1228	1170
1299	1229	1170
1300	1229	1171
1300	1230	1171
1301	1230	1172
1301	1231	1172
1302	1231	1173
1302	1232	1173
1303	1232	1174
1303	1233	1174
1304	1233	1175
1304	1234	1175
1305	1234	1176
1305	1235	1176
1306	1235	1177
1306	1236	1177
1307	1236	1178
1307	1237	1178
1308	1237	1179
1308	1238	1179
1309	1238	1180
1309	1239	1180
1320	1244	1187
1320	1245	1187
1321	1245	1188
1321	1246	1188
1322	1246	1189
1213	1214	1247
1216	1215	1248
1240	1241	1249
1243	1242	1250
1213	1212	1251
1216	1217	1258
1240	1239	1259
1243	1244	1266
1213	1247	1252
1214	1247	1253
1215	1248	1256
1216	1248	1257
1240	1249	1260
1241	1249	1261
1242	1250	1264
1243	1250	1265
1252	1251	1213
1253	1254	1214
1256	1255	1215
1257	1258	1216
1260	1259	1240
1261	1262	1241
1264	1263	1242
1265	1266	1243
1252	1253	1247
1257	1256	1248
1260	1261	1249
1265	1264	1250
1278	1251	1212
1287	1258	1217
1310	1259	1239
1319	1266	1244
1252	1253	1267
1253	1254	1268
1256	1255	1269
1257	1256	1270
1260	1261	1271
1261	1262	1272
1264	1263	1273
1265	1264	1274
1275	1210	1276
1276	1211	1277
1277	1212	1278
1252	1251	1279
1257	1258	1286
1288	1217	1287
1288	1218	1289
1289	1219	1290
1290	1220	1291
1291	1221	1292
1292	1222	1293
1293	1223	1294
1294	1224	1295
1295	1225	1296
1296	1226	1297
1297	1227	1298
1298	1228	1299
1300	1229	1299
1301	1230	1300
1302	1231	1301
1303	1232	1302
1304	1233	1303
1305	1234	1304
1306	1235	1305
1307	1236	1306
1308	1237	1307
1309	1238	1308
1309	1239	1310
1260	1259	1311
1265	1266	1318
1320	1244	1319
1321	1245	1320
1322	1246	1321
1252	1267	1279
1253	1267	1280
1253	1268	1280
1254	1268	1281
1255	1269	1284
1256	1269	1285
1256	1270	1285
1257	1270	1286
1260	1271	1311
1261	1271	1312
1261	1272	1312
1262	1272	1313
1263	1273	1316
1264	1273	1317
1264	1274	1317
1265	1274	1318
1279	1278	1251
1281	1282	1254
1284	1283	1255
1286	1287	1258
1311	1310	1259
1313	1314	1262
1316	1315	1263
1318	1319	1266
1279	1280	1267
1280	1281	1268
1285	1284	1269
1286	1285	1270
1311	1312	1271
1312	1313	1272
1317	1316	1273
1318	1317	1274
1281	1282	1323
1284	1283	1324
1313	1314	1325
1316	1315	1326
1279	1278	1327
1280	1279	1328
1280	1281	1328
1285	1284	1338
1285	1286	1338
1286	1287	1339
1311	1310	1340
1312	1311	1341
1312	1313	1341
1317	1316	1351
1317	1318	1351
1318	1319	1352
1281	1323	1329
1282	1323	1330
1283	1324	1336
1284	1324	1337
1313	1325	1342
1314	1325	1343
1315	1326	1349
1316	1326	1350
1275	1365	1276
1276	1366	1277
1277	1367	1278
1281	1328	1329
1330	1331	1282
1336	1335	1283
1284	1338	1337
1288	1379	1287
1288	1380	1289
1289	1381	1290
1290	1382	1291
1291	1383	1292
1292	1384	1293
1293	1385	1294
1294	1386	1295
1295	1387	1296
1296	1388	1297
1297	1389	1298
1298	1390	1299
1300	1391	1299
1301	1392	1300
1302	1393	1301
1303	1394	1302
1304	1395	1303
1305	1396	1304
1306	1397	1305
1307	1398	1306
1308	1399	1307
1309	1400	1308
1309	1401	1310
1313	1341	1342
1343	1344	1314
1349	1348	1315
1316	1351	1350
1320	1413	1319
1321	1414	1320
1322	1415	1321
1329	1330	1323
1337	1336	1324
1342	1343	1325
1350	1349	1326
1367	1327	1278
1368	1327	1279
1368	1328	1279
1378	1338	1286
1378	1339	1286
1379	1339	1287
1401	1340	1310
1402	1340	1311
1402	1341	1311
1412	1351	1318
1412	1352	1318
1413	1352	1319
1330	1331	1353
1331	1332	1354
1332	1333	1355
1334	1333	1356
1335	1334	1357
1336	1335	1358
1343	1344	1359
1344	1345	1360
1345	1346	1361
1347	1346	1362
1348	1347	1363
1349	1348	1364
1369	1328	1329
1329	1330	1369
1337	1336	1377
1377	1338	1337
1403	1341	1342
1342	1343	1403
1350	1349	1411
1411	1351	1350
1330	1353	1370
1331	1353	1371
1331	1354	1371
1332	1354	1372
1332	1355	1372
1333	1355	1373
1333	1356	1373
1334	1356	1374
1334	1357	1374
1335	1357	1375
1335	1358	1375
1336	1358	1376
1343	1359	1404
1344	1359	1405
1344	1360	1405
1345	1360	1406
1345	1361	1406
1346	1361	1407
1346	1362	1407
1347	1362	1408
1347	1363	1408
1348	1363	1409
1348	1364	1409
1349	1364	1410
1368	1367	1327
1369	1368	1328
1330	1369	1370
1336	1377	1376
1377	1378	1338
1378	1379	1339
1402	1401	1340
1403	1402	1341
1343	1403	1404
1349	1411	1410
1411	1412	1351
1412	1413	1352
1370	1371	1353
1371	1372	1354
1372	1373	1355
1374	1373	1356
1375	1374	1357
1376	1375	1358
1404	1405	1359
1405	1406	1360
1406	1407	1361
1408	1407	1362
1409	1408	1363
1410	1409	1364
1428	1365	1275
1429	1365	1276
1429	1366	1276
1430	1366	1277
1430	1367	1277
1438	1379	1288
1438	1380	1288
1439	1380	1289
1439	1381	1289
1440	1381	1290
1440	1382	1290
1441	1382	1291
1441	1383	1291
1442	1383	1292
1442	1384	1292
1443	1384	1293
1443	1385	1293
1444	1385	1294
1444	1386	1294
1445	1386	1295
1445	1387	1295
1446	1387	1296
1446	1388	1296
1447	1388	1297
1447	1389	1297
1448	1389	1298
1448	1390	1298
1449	1390	1299
1449	1391	1299
1450	1391	1300
1450	1392	1300
1451	1392	1301
1451	1393	1301
1452	1393	1302
1452	1394	1302
1453	1394	1303
1453	1395	1303
1454	1395	1304
1454	1396	1304
1455	1396	1305
1455	1397	1305
1456	1397	1306
1456	1398	1306
1457	1398	1307
1457	1399	1307
1458	1399	1308
1458	1400	1308
1459	1400	1309
1459	1401	1309
1467	1413	1320
1467	1414	1320
1468	1414	1321
1468	1415	1321
1469	1415	1322
1369	1368	1416
1370	1369	1417
1370	1371	1417
1372	1371	1418
1372	1373	1418
1374	1373	1419
1374	1375	1419
1376	1375	1420
1376	1377	1420
1377	1378	1421
1403	1402	1422
1404	1403	1423
1404	1405	1423
1406	1405	1424
1406	1407	1424
1408	1407	1425
1408	1409	1425
1410	1409	1426
1410	1411	1426
1411	1412	1427
1431	1367	1368
1437	1379	1378
1460	1401	1402
1466	1413	1412
1431	1416	1368
1432	1416	1369
1432	1417	1369
1433	1417	1371
1433	1418	1371
1434	1418	1373
1434	1419	1373
1435	1419	1375
1435	1420	1375
1436	1420	1377
1436	1421	1377
1437	1421	1378
1460	1422	1402
1461	1422	1403
1461	1423	1403
1462	1423	1405
1462	1424	1405
1463	1424	1407
1463	1425	1407
1464	1425	1409
1464	1426	1409
1465	1426	1411
1465	1427	1411
1466	1427	1412
1428	1365	1429
1429	1366	1430
1430	1367	1431
1438	1379	1437
1438	1380	1439
1439	1381	1440
1440	1382	1441
1441	1383	1442
1442	1384	1443
1443	1385	1444
1444	1386	1445
1445	1387	1446
1446	1388	1447
1447	1389	1448
1448	1390	1449
1450	1391	1449
1451	1392	1450
1452	1393	1451
1453	1394	1452
1454	1395	1453
1455	1396	1454
1456	1397	1455
1457	1398	1456
1458	1399	1457
1459	1400	1458
1459	1401	1460
1467	1413	1466
1468	1414	1467
1469	1415	1468
1432	1431	1416
1433	1432	1417
1434	1433	1418
1434	1435	1419
1435	1436	1420
1436	1437	1421
1461	1460	1422
1462	1461	1423
1463	1462	1424
1463	1464	1425
1464	1465	1426
1465	1466	1427
1428	1470	1429
1429	1471	1430
1430	1472	1431
1431	1473	1432
1433	1473	1432
1433	1474	1434
1435	1474	1434
1435	1475	1436
1437	1475	1436
1438	1476	1437
1438	1477	1439
1439	1478	1440
1440	1479	1441
1441	1480	1442
1442	1481	1443
1443	1482	1444
1444	1483	1445
1445	1484	1446
1446	1485	1447
1447	1486	1448
1448	1487	1449
1450	1488	1449
1451	1489	1450
1452	1490	1451
1453	1491	1452
1454	1492	1453
1455	1493	1454
1456	1494	1455
1457	1495	1456
1458	1496	1457
1459	1497	1458
1459	1498	1460
1460	1499	1461
1462	1499	1461
1462	1500	1463
1464	1500	1463
1464	1501	1465
1466	1501	1465
1467	1502	1466
1468	1503	1467
1469	1504	1468
1505	1470	1428
1507	1470	1429
1507	1471	1429
1509	1471	1430
1509	1472	1430
1510	1472	1431
1510	1473	1431
1511	1473	1433
1511	1474	1433
1512	1474	1435
1512	1475	1435
1513	1475	1437
1513	1476	1437
1514	1476	1438
1514	1477	1438
1515	1477	1439
1515	1478	1439
1516	1478	1440
1516	1479	1440
1517	1479	1441
1517	1480	1441
1518	1480	1442
1518	1481	1442
1519	1481	1443
1519	1482	1443
1520	1482	1444
1520	1483	1444
1521	1483	1445
1521	1484	1445
1522	1484	1446
1522	1485	1446
1523	1485	1447
1523	1486	1447
1524	1486	1448
1524	1487	1448
1525	1487	1449
1525	1488	1449
1526	1488	1450
1526	1489	1450
1527	1489	1451
1527	1490	1451
1528	1490	1452
1528	1491	1452
1529	1491	1453
1529	1492	1453
1530	1492	1454
1530	1493	1454
1531	1493	1455
1531	1494	1455
1532	1494	1456
1532	1495	1456
1533	1495	1457
1533	1496	1457
1534	1496	1458
1534	1497	1458
1535	1497	1459
1535	1498	1459
1536	1498	1460
1536	1499	1460
1537	1499	1462
1537	1500	1462
1538	1500	1464
1538	1501	1464
1539	1501	1466
1539	1502	1466
1540	1502	1467
1540	1503	1467
1542	1503	1468
1542	1504	1468
1544	1504	1469
1505	1470	1506
1507	1470	1506
1507	1471	1508
1509	1471	1508
1509	1472	1510
1510	1473	1511
1511	1474	1512
1512	1475	1513
1513	1476	1514
1514	1477	1515
1515	1478	1516
1516	1479	1517
1517	1480	1518
1518	1481	1519
1519	1482	1520
1520	1483	1521
1521	1484	1522
1522	1485	1523
1523	1486	1524
1524	1487	1525
1526	1488	1525
1527	1489	1526
1528	1490	1527
1529	1491	1528
1530	1492	1529
1531	1493	1530
1532	1494	1531
1533	1495	1532
1534	1496	1533
1535	1497	1534
1536	1498	1535
1537	1499	1536
1538	1500	1537
1539	1501	1538
1540	1502	1539
1540	1503	1541
1542	1503	1541
1542	1504	1543
1544	1504	1543
1505	1545	1506
1544	1546	1543
1507	1506	1547
1542	1543	1548
1545	1547	1506
1546	1548	1543
1508	1507	1554
1509	1508	1555
1540	1541	1556
1541	1542	1557
1547	1549	1507
1548	1550	1542
1551	1549	1507
1552	1550	1542
1551	1554	1507
1552	1557	1542
1509	1571	1510
1510	1573	1511
1511	1575	1512
1512	1576	1513
1513	1577	1514
1514	1578	1515
1515	1579	1516
1516	1580	1517
1517	1581	1518
1518	1582	1519
1519	1583	1520
1520	1584	1521
1521	1585	1522
1522	1586	1523
1523	1587	1524
1524	1588	1525
1526	1589	1525
1527	1590	1526
1528	1591	1527
1529	1592	1528
1530	1593	1529
1531	1594	1530
1532	1595	1531
1533	1596	1532
1534	1597	1533
1535	1598	1534
1536	1599	1535
1537	1600	1536
1538	1601	1537
1539	1603	1538
1540	1605	1539
1547	1553	1549
1548	1558	1550
1559	1554	1508
1560	1557	1541
1508	1561	1555
1541	1562	1556
1505	1567	1545
1544	1609	1546
1555	1509	1563
1556	1540	1564
1508	1559	1561
1541	1560	1562
1567	1547	1545
1609	1548	1546
1563	1565	1509
1564	1566	1540
1568	1551	1549
1608	1552	1550
1567	1553	1547
1609	1558	1548
1565	1571	1509
1566	1605	1540
1568	1549	1553
1608	1550	1558
1568	1554	1551
1608	1557	1552
1563	1561	1555
1564	1562	1556
1571	1510	1572
1573	1510	1572
1574	1573	1511
1574	1575	1511
1602	1601	1538
1602	1603	1538
1603	1539	1604
1605	1539	1604
1569	1559	1554
1607	1560	1557
1569	1561	1559
1607	1562	1560
1569	1561	1563
1607	1562	1564
1568	1567	1553
1569	1568	1554
1607	1608	1557
1608	1609	1558
1570	1563	1565
1606	1564	1566
1569	1570	1563
1607	1606	1564
1571	1565	1570
1605	1566	1606
1632	1567	1505
1639	1575	1512
1639	1576	1512
1641	1576	1513
1641	1577	1513
1643	1577	1514
1643	1578	1514
1644	1578	1515
1644	1579	1515
1645	1579	1516
1645	1580	1516
1646	1580	1517
1646	1581	1517
1647	1581	1518
1647	1582	1518
1648	1582	1519
1648	1583	1519
1649	1583	1520
1649	1584	1520
1650	1584	1521
1650	1585	1521
1651	1585	1522
1651	1586	1522
1652	1586	1523
1652	1587	1523
1654	1587	1524
1654	1588	1524
1656	1588	1525
1656	1589	1525
1658	1589	1526
1658	1590	1526
1659	1590	1527
1659	1591	1527
1660	1591	1528
1660	1592	1528
1661	1592	1529
1661	1593	1529
1662	1593	1530
1662	1594	1530
1663	1594	1531
1663	1595	1531
1664	1595	1532
1664	1596	1532
1665	1596	1533
1665	1597	1533
1666	1597	1534
1666	1598	1534
1667	1598	1535
1667	1599	1535
1669	1599	1536
1669	1600	1536
1671	1600	1537
1671	1601	1537
1678	1609	1544
1571	1610	1572
1605	1611	1604
1573	1572	1612
1603	1604	1613
1610	1612	1572
1611	1613	1604
1574	1573	1619
1575	1574	1620
1601	1602	1621
1602	1603	1622
1612	1614	1573
1613	1615	1603
1616	1614	1573
1617	1615	1603
1616	1619	1573
1617	1622	1603
1567	1633	1568
1569	1633	1568
1569	1634	1570
1571	1634	1570
1605	1676	1606
1607	1676	1606
1607	1677	1608
1609	1677	1608
1612	1614	1618
1615	1613	1623
1624	1619	1574
1625	1622	1602
1574	1626	1620
1602	1627	1621
1571	1635	1610
1605	1675	1611
1620	1575	1628
1621	1601	1629
1574	1624	1626
1602	1625	1627
1635	1612	1610
1675	1613	1611
1628	1630	1575
1629	1631	1601
1636	1616	1614
1674	1617	1615
1635	1618	1612
1675	1623	1613
1630	1639	1575
1631	1671	1601
1636	1614	1618
1674	1615	1623
1636	1619	1616
1674	1622	1617
1628	1626	1620
1629	1627	1621
1632	1567	1633
1633	1569	1634
1634	1571	1635
1639	1576	1640
1641	1576	1640
1641	1577	1642
1643	1577	1642
1643	1578	1644
1644	1579	1645
1645	1580	1646
1646	1581	1647
1647	1582	1648
1648	1583	1649
1649	1584	1650
1650	1585	1651
1651	1586	1652
1652	1587	1653
1654	1587	1653
1654	1588	1655
1656	1588	1655
1656	1589	1657
1658	1589	1657
1659	1590	1658
1660	1591	1659
1661	1592	1660
1662	1593	1661
1663	1594	1662
1664	1595	1663
1665	1596	1664
1666	1597	1665
1667	1598	1666
1667	1599	1668
1669	1599	1668
1669	1600	1670
1671	1600	1670
1676	1605	1675
1677	1607	1676
1678	1609	1677
1637	1624	1619
1673	1625	1622
1637	1626	1624
1673	1627	1625
1637	1626	1628
1673	1627	1629
1636	1635	1618
1637	1636	1619
1673	1674	1622
1674	1675	1623
1638	1628	1630
1672	1629	1631
1637	1638	1628
1673	1672	1629
1639	1630	1638
1671	1631	1672
1639	1679	1640
1671	1680	1670
1641	1640	1681
1669	1670	1682
1679	1681	1640
1680	1682	1670
1642	1641	1688
1643	1642	1689
1653	1652	1690
1654	1653	1691
1655	1654	1692
1655	1656	1693
1656	1657	1694
1657	1658	1695
1667	1668	1696
1668	1669	1697
1681	1683	1641
1682	1684	1669
1685	1683	1641
1686	1684	1669
1685	1688	1641
1686	1697	1669
1632	1707	1633
1633	1708	1634
1634	1709	1635
1635	1710	1636
1637	1710	1636
1637	1711	1638
1639	1711	1638
1643	1716	1644
1644	1718	1645
1645	1720	1646
1646	1721	1647
1647	1722	1648
1648	1723	1649
1649	1724	1650
1650	1725	1651
1651	1726	1652
1659	1734	1658
1660	1735	1659
1661	1736	1660
1662	1737	1661
1663	1738	1662
1664	1739	1663
1665	1740	1664
1666	1742	1665
1667	1744	1666
1671	1749	1672
1673	1749	1672
1673	1750	1674
1675	1750	1674
1676	1751	1675
1677	1752	1676
1678	1753	1677
1681	1687	1683
1682	1698	1684
1699	1688	1642
1700	1697	1668
1642	1701	1689
1668	1702	1696
1639	1712	1679
1671	1748	1680
1689	1643	1703
1696	1667	1704
1642	1699	1701
1668	1700	1702
1712	1681	1679
1748	1682	1680
1652	1690	1727
1653	1690	1728
1653	1691	1728
1654	1691	1729
1654	1692	1729
1655	1692	1730
1655	1693	1730
1656	1693	1731
1656	1694	1731
1657	1694	1732
1657	1695	1732
1658	1695	1733
1703	1705	1643
1704	1706	1667
1713	1685	1683
1747	1686	1684
1712	1687	1681
1748	1698	1682
1705	1716	1643
1706	1744	1667
1713	1683	1687
1747	1684	1698
1713	1688	1685
1747	1697	1686
1703	1701	1689
1704	1702	1696
1716	1644	1717
1718	1644	1717
1718	1645	1719
1720	1645	1719
1726	1652	1727
1734	1658	1733
1740	1665	1741
1742	1665	1741
1742	1666	1743
1744	1666	1743
1714	1699	1688
1746	1700	1697
1714	1701	1699
1746	1702	1700
1714	1701	1703
1746	1702	1704
1713	1712	1687
1714	1713	1688
1728	1727	1690
1729	1728	1691
1730	1729	1692
1730	1731	1693
1731	1732	1694
1732	1733	1695
1746	1747	1697
1747	1748	1698
1715	1703	1705
1745	1704	1706
1714	1715	1703
1746	1745	1704
1716	1705	1715
1744	1706	1745
1778	1707	1632
1779	1707	1633
1779	1708	1633
1780	1708	1634
1780	1709	1634
1781	1709	1635
1781	1710	1635
1782	1710	1637
1782	1711	1637
1783	1711	1639
1783	1712	1639
1790	1720	1646
1790	1721	1646
1791	1721	1647
1791	1722	1647
1792	1722	1648
1792	1723	1648
1793	1723	1649
1793	1724	1649
1794	1724	1650
1794	1725	1650
1795	1725	1651
1795	1726	1651
1800	1734	1659
1800	1735	1659
1801	1735	1660
1801	1736	1660
1802	1736	1661
1802	1737	1661
1803	1737	1662
1803	1738	1662
1804	1738	1663
1804	1739	1663
1805	1739	1664
1805	1740	1664
1812	1748	1671
1812	1749	1671
1813	1749	1673
1813	1750	1673
1814	1750	1675
1814	1751	1675
1815	1751	1676
1815	1752	1676
1816	1752	1677
1816	1753	1677
1817	1753	1678
1716	1754	1717
1744	1755	1743
1718	1717	1756
1742	1743	1757
1754	1756	1717
1755	1757	1743
1719	1718	1763
1720	1719	1764
1727	1726	1765
1733	1734	1766
1740	1741	1767
1741	1742	1768
1756	1758	1718
1757	1759	1742
1760	1758	1718
1761	1759	1742
1760	1763	1718
1761	1768	1742
1712	1784	1713
1714	1784	1713
1714	1785	1715
1716	1785	1715
1728	1797	1727
1732	1798	1733
1744	1810	1745
1746	1810	1745
1746	1811	1747
1748	1811	1747
1756	1762	1758
1757	1769	1759
1770	1763	1719
1771	1768	1741
1719	1772	1764
1741	1773	1767
1716	1786	1754
1744	1809	1755
1764	1720	1774
1767	1740	1775
1719	1770	1772
1741	1771	1773
1786	1756	1754
1809	1757	1755
1726	1765	1796
1727	1765	1797
1733	1766	1798
1734	1766	1799
1774	1776	1720
1775	1777	1740
1787	1760	1758
1808	1761	1759
1786	1762	1756
1809	1769	1757
1776	1790	1720
1777	1805	1740
1787	1758	1762
1808	1759	1769
1787	1763	1760
1808	1768	1761
1774	1772	1764
1775	1773	1767
1778	1707	1779
1779	1708	1780
1780	1709	1781
1781	1710	1782
1782	1711	1783
1783	1712	1784
1784	1714	1785
1785	1716	1786
1790	1721	1791
1791	1722	1792
1792	1723	1793
1793	1724	1794
1794	1725	1795
1795	1726	1796
1800	1734	1799
1801	1735	1800
1802	1736	1801
1803	1737	1802
1804	1738	1803
1805	1739	1804
1810	1744	1809
1811	1746	1810
1812	1748	1811
1813	1749	1812
1814	1750	1813
1815	1751	1814
1816	1752	1815
1817	1753	1816
1788	1770	1763
1807	1771	1768
1788	1772	1770
1807	1773	1771
1788	1772	1774
1807	1773	1775
1787	1786	1762
1788	1787	1763
1797	1796	1765
1798	1799	1766
1807	1808	1768
1808	1809	1769
1789	1774	1776
1806	1775	1777
1788	1789	1774
1807	1806	1775
1790	1776	1789
1805	1777	1806
1796	1795	1818
1799	1800	1819
1778	1820	1779
1779	1821	1780
1780	1822	1781
1781	1823	1782
1782	1824	1783
1783	1825	1784
1784	1826	1785
1785	1827	1786
1786	1828	1787
1788	1828	1787
1788	1829	1789
1790	1829	1789
1790	1830	1791
1791	1831	1792
1792	1832	1793
1793	1833	1794
1794	1834	1795
1797	1836	1796
1798	1837	1799
1801	1839	1800
1802	1840	1801
1803	1841	1802
1804	1842	1803
1805	1843	1804
1805	1844	1806
1807	1844	1806
1807	1845	1808
1809	1845	1808
1810	1846	1809
1811	1847	1810
1812	1848	1811
1813	1849	1812
1814	1850	1813
1815	1851	1814
1816	1852	1815
1817	1853	1816
1795	1818	1835
1796	1818	1836
1799	1819	1837
1800	1819	1838
1834	1795	1835
1839	1800	1838
1836	1835	1818
1837	1838	1819
1856	1820	1778
1857	1820	1779
1857	1821	1779
1858	1821	1780
1858	1822	1780
1859	1822	1781
1859	1823	1781
1860	1823	1782
1860	1824	1782
1861	1824	1783
1861	1825	1783
1862	1825	1784
1862	1826	1784
1863	1826	1785
1863	1827	1785
1864	1827	1786
1864	1828	1786
1865	1828	1788
1865	1829	1788
1866	1829	1790
1866	1830	1790
1867	1830	1791
1867	1831	1791
1868	1831	1792
1868	1832	1792
1869	1832	1793
1869	1833	1793
1870	1833	1794
1870	1834	1794
1875	1839	1801
1875	1840	1801
1876	1840	1802
1876	1841	1802
1877	1841	1803
1877	1842	1803
1878	1842	1804
1878	1843	1804
1879	1843	1805
1879	1844	1805
1880	1844	1807
1880	1845	1807
1881	1845	1809
1881	1846	1809
1882	1846	1810
1882	1847	1810
1883	1847	1811
1883	1848	1811
1884	1848	1812
1884	1849	1812
1885	1849	1813
1885	1850	1813
1886	1850	1814
1886	1851	1814
1887	1851	1815
1887	1852	1815
1888	1852	1816
1888	1853	1816
1889	1853	1817
1835	1834	1854
1838	1839	1855
1836	1872	1835
1837	1873	1838
1834	1854	1871
1835	1854	1872
1838	1855	1873
1839	1855	1874
1856	1820	1857
1857	1821	1858
1858	1822	1859
1859	1823	1860
1860	1824	1861
1861	1825	1862
1862	1826	1863
1863	1827	1864
1864	1828	1865
1865	1829	1866
1866	1830	1867
1867	1831	1868
1868	1832	1869
1869	1833	1870
1870	1834	1871
1875	1839	1874
1876	1840	1875
1877	1841	1876
1878	1842	1877
1879	1843	1878
1880	1844	1879
1881	1845	1880
1882	1846	1881
1883	1847	1882
1884	1848	1883
1885	1849	1884
1886	1850	1885
1887	1851	1886
1888	1852	1887
1889	1853	1888
1872	1871	1854
1873	1874	1855
1872	1871	1890
1873	1874	1891
1856	1892	1857
1857	1893	1858
1858	1894	1859
1859	1895	1860
1860	1896	1861
1861	1897	1862
1862	1898	1863
1863	1899	1864
1864	1900	1865
1865	1901	1866
1866	1902	1867
1867	1903	1868
1868	1904	1869
1869	1905	1870
1870	1906	1871
1875	1909	1874
1876	1910	1875
1877	1911	1876
1878	1912	1877
1879	1913	1878
1880	1914	1879
1881	1915	1880
1882	1916	1881
1883	1917	1882
1884	1918	1883
1885	1919	1884
1886	1920	1885
1887	1921	1886
1888	1922	1887
1889	1923	1888
1871	1890	1906
1872	1890	1907
1873	1891	1908
1874	1891	1909
1907	1906	1890
1908	1909	1891
1926	1892	1856
1927	1892	1857
1927	1893	1857
1928	1893	1858
1928	1894	1858
1929	1894	1859
1929	1895	1859
1930	1895	1860
1930	1896	1860
1931	1896	1861
1931	1897	1861
1932	1897	1862
1932	1898	1862
1933	1898	1863
1933	1899	1863
1934	1899	1864
1934	1900	1864
1935	1900	1865
1935	1901	1865
1936	1901	1866
1936	1902	1866
1937	1902	1867
1937	1903	1867
1938	1903	1868
1938	1904	1868
1939	1904	1869
1939	1905	1869
1940	1905	1870
1940	1906	1870
1945	1909	1875
1945	1910	1875
1946	1910	1876
1946	1911	1876
1947	1911	1877
1947	1912	1877
1948	1912	1878
1948	1913	1878
1949	1913	1879
1949	1914	1879
1950	1914	1880
1950	1915	1880
1951	1915	1881
1951	1916	1881
1952	1916	1882
1952	1917	1882
1953	1917	1883
1953	1918	1883
1954	1918	1884
1954	1919	1884
1955	1919	1885
1955	1920	1885
1956	1920	1886
1956	1921	1886
1957	1921	1887
1957	1922	1887
1958	1922	1888
1958	1923	1888
1959	1923	1889
1907	1906	1924
1908	1909	1925
1906	1924	1941
1907	1924	1942
1908	1925	1943
1909	1925	1944
1926	1892	1927
1927	1893	1928
1928	1894	1929
1929	1895	1930
1930	1896	1931
1931	1897	1932
1932	1898	1933
1933	1899	1934
1934	1900	1935
1935	1901	1936
1936	1902	1937
1937	1903	1938
1938	1904	1939
1939	1905	1940
1940	1906	1941
1945	1909	1944
1946	1910	1945
1947	1911	1946
1948	1912	1947
1949	1913	1948
1950	1914	1949
1951	1915	1950
1952	1916	1951
1953	1917	1952
1954	1918	1953
1955	1919	1954
1956	1920	1955
1957	1921	1956
1958	1922	1957
1959	1923	1958
1942	1941	1924
1943	1944	1925
1942	1941	1960
1943	1944	1961
1926	1962	1927
1927	1963	1928
1928	1964	1929
1929	1965	1930
1930	1966	1931
1931	1967	1932
1932	1968	1933
1933	1969	1934
1934	1970	1935
1935	1971	1936
1936	1972	1937
1937	1973	1938
1938	1974	1939
1939	1975	1940
1940	1976	1941
1945	1979	1944
1946	1980	1945
1947	1981	1946
1948	1982	1947
1949	1983	1948
1950	1984	1949
1951	1985	1950
1952	1986	1951
1953	1987	1952
1954	1988	1953
1955	1989	1954
1956	1990	1955
1957	1991	1956
1958	1992	1957
1959	1993	1958
1941	1960	1976
1977	1960	1942
1978	1961	1943
1944	1961	1979
1977	1976	1960
1978	1979	1961
1996	1962	1926
1997	1962	1927
1997	1963	1927
1998	1963	1928
1998	1964	1928
1999	1964	1929
1999	1965	1929
2000	1965	1930
2000	1966	1930
2001	1966	1931
2001	1967	1931
2002	1967	1932
2002	1968	1932
2003	1968	1933
2003	1969	1933
2004	1969	1934
2004	1970	1934
2005	1970	1935
2005	1971	1935
2006	1971	1936
2006	1972	1936
2007	1972	1937
2007	1973	1937
2008	1973	1938
2008	1974	1938
2009	1974	1939
2009	1975	1939
2010	1975	1940
2010	1976	1940
2015	1979	1945
2015	1980	1945
2016	1980	1946
2016	1981	1946
2017	1981	1947
2017	1982	1947
2018	1982	1948
2018	1983	1948
2019	1983	1949
2019	1984	1949
2020	1984	1950
2020	1985	1950
2021	1985	1951
2021	1986	1951
2022	1986	1952
2022	1987	1952
2023	1987	1953
2023	1988	1953
2024	1988	1954
2024	1989	1954
2025	1989	1955
2025	1990	1955
2026	1990	1956
2026	1991	1956
2027	1991	1957
2027	1992	1957
2028	1992	1958
2028	1993	1958
2029	1993	1959
1977	1976	1994
1978	1979	1995
2011	1994	1976
2012	1994	1977
2013	1995	1978
2014	1995	1979
1996	1962	1997
1997	1963	1998
1998	1964	1999
1999	1965	2000
2000	1966	2001
2001	1967	2002
2002	1968	2003
2003	1969	2004
2004	1970	2005
2005	1971	2006
2006	1972	2007
2007	1973	2008
2008	1974	2009
2009	1975	2010
2010	1976	2011
2015	1979	2014
2016	1980	2015
2017	1981	2016
2018	1982	2017
2019	1983	2018
2020	1984	2019
2021	1985	2020
2022	1986	2021
2023	1987	2022
2024	1988	2023
2025	1989	2024
2026	1990	2025
2027	1991	2026
2028	1992	2027
2029	1993	2028
2012	2011	1994
2013	2014	1995
2012	2011	2030
2013	2014	2031
1996	2032	1997
1997	2033	1998
1998	2034	1999
1999	2035	2000
2000	2036	2001
2001	2037	2002
2002	2038	2003
2003	2039	2004
2004	2040	2005
2005	2041	2006
2006	2042	2007
2007	2043	2008
2008	2044	2009
2009	2045	2010
2010	2046	2011
2015	2051	2014
2016	2052	2015
2017	2053	2016
2018	2054	2017
2019	2055	2018
2020	2056	2019
2021	2057	2020
2022	2058	2021
2023	2059	2022
2024	2060	2023
2025	2061	2024
2026	2062	2025
2027	2063	2026
2028	2064	2027
2029	2065	2028
2046	2030	2011
2047	2030	2012
2050	2031	2013
2051	2031	2014
2048	2012	2047
2049	2013	2050
2047	2046	2030
2050	2051	2031
2068	2032	1996
2069	2032	1997
2069	2033	1997
2070	2033	1998
2070	2034	1998
2071	2034	1999
2071	2035	1999
2072	2035	2000
2072	2036	2000
2073	2036	2001
2073	2037	2001
2074	2037	2002
2074	2038	2002
2075	2038	2003
2075	2039	2003
2004	2039	2076
2076	2040	2004
2077	2040	2005
2077	2041	2005
2006	2041	2078
2078	2042	2006
2079	2042	2007
2079	2043	2007
2080	2043	2008
2080	2044	2008
2081	2044	2009
2081	2045	2009
2082	2045	2010
2082	2046	2010
2089	2051	2015
2089	2052	2015
2090	2052	2016
2090	2053	2016
2091	2053	2017
2091	2054	2017
2092	2054	2018
2092	2055	2018
2093	2055	2019
2019	2056	2093
2094	2056	2020
2094	2057	2020
2095	2057	2021
2021	2058	2095
2096	2058	2022
2096	2059	2022
2097	2059	2023
2097	2060	2023
2098	2060	2024
2098	2061	2024
2099	2061	2025
2099	2062	2025
2100	2062	2026
2100	2063	2026
2101	2063	2027
2101	2064	2027
2102	2064	2028
2102	2065	2028
2103	2065	2029
2048	2047	2066
2049	2050	2067
2046	2083	2047
2051	2088	2050
2083	2066	2047
2084	2066	2048
2087	2067	2049
2088	2067	2050
2068	2032	2069
2069	2033	2070
2070	2034	2071
2071	2035	2072
2072	2036	2073
2073	2037	2074
2074	2038	2075
2075	2039	2076
2076	2040	2077
2077	2041	2078
2078	2042	2079
2079	2043	2080
2080	2044	2081
2081	2045	2082
2082	2046	2083
2085	2048	2084
2086	2049	2087
2089	2051	2088
2090	2052	2089
2091	2053	2090
2092	2054	2091
2093	2055	2092
2094	2056	2093
2095	2057	2094
2096	2058	2095
2097	2059	2096
2098	2060	2097
2099	2061	2098
2100	2062	2099
2101	2063	2100
2102	2064	2101
2103	2065	2102
2084	2083	2066
2087	2088	2067
2085	2084	2104
2086	2087	2105
2068	2106	2069
2069	2107	2070
2070	2108	2071
2071	2109	2072
2072	2110	2073
2073	2111	2074
2074	2112	2075
2075	2113	2076
2076	2114	2077
2077	2115	2078
2078	2116	2079
2079	2117	2080
2080	2118	2081
2081	2119	2082
2082	2120	2083
2083	2121	2084
2088	2129	2087
2089	2130	2088
2090	2131	2089
2091	2132	2090
2092	2133	2091
2093	2134	2092
2094	2135	2093
2095	2136	2094
2096	2137	2095
2097	2138	2096
2098	2139	2097
2099	2140	2098
2100	2141	2099
2101	2142	2100
2102	2143	2101
2103	2144	2102
2121	2104	2084
2122	2104	2085
2128	2105	2086
2129	2105	2087
2123	2085	2122
2127	2086	2128
2122	2121	2104
2128	2129	2105
2151	2106	2068
2152	2106	2069
2152	2107	2069
2153	2107	2070
2153	2108	2070
2154	2108	2071
2154	2109	2071
2155	2109	2072
2155	2110	2072
2156	2110	2073
2156	2111	2073
2157	2111	2074
2157	2112	2074
2158	2112	2075
2158	2113	2075
2159	2113	2076
2159	2114	2076
2160	2114	2077
2160	2115	2077
2161	2115	2078
2161	2116	2078
2163	2116	2079
2163	2117	2079
2165	2117	2080
2165	2118	2080
2166	2118	2081
2166	2119	2081
2167	2119	2082
2167	2120	2082
2168	2120	2083
2168	2121	2083
2176	2129	2088
2176	2130	2088
2177	2130	2089
2177	2131	2089
2178	2131	2090
2178	2132	2090
2179	2132	2091
2179	2133	2091
2181	2133	2092
2181	2134	2092
2183	2134	2093
2183	2135	2093
2184	2135	2094
2184	2136	2094
2185	2136	2095
2185	2137	2095
2186	2137	2096
2186	2138	2096
2187	2138	2097
2187	2139	2097
2188	2139	2098
2188	2140	2098
2189	2140	2099
2189	2141	2099
2190	2141	2100
2190	2142	2100
2191	2142	2101
2191	2143	2101
2192	2143	2102
2192	2144	2102
2193	2144	2103
2123	2122	2145
2124	2123	2146
2125	2124	2147
2125	2126	2148
2126	2127	2149
2127	2128	2150
2121	2169	2122
2129	2175	2128
2169	2145	2122
2170	2145	2123
2170	2146	2123
2171	2146	2124
2171	2147	2124
2172	2147	2125
2172	2148	2125
2173	2148	2126
2173	2149	2126
2174	2149	2127
2174	2150	2127
2175	2150	2128
2151	2106	2152
2152	2107	2153
2153	2108	2154
2154	2109	2155
2155	2110	2156
2156	2111	2157
2157	2112	2158
2158	2113	2159
2159	2114	2160
2160	2115	2161
2161	2116	2162
2163	2116	2162
2164	2117	2163
2164	2117	2165
2165	2118	2166
2166	2119	2167
2167	2120	2168
2168	2121	2169
2176	2129	2175
2177	2130	2176
2178	2131	2177
2179	2132	2178
2180	2133	2179
2180	2133	2181
2181	2134	2182
2183	2134	2182
2184	2135	2183
2185	2136	2184
2186	2137	2185
2187	2138	2186
2188	2139	2187
2189	2140	2188
2190	2141	2189
2191	2142	2190
2192	2143	2191
2193	2144	2192
2170	2169	2145
2171	2170	2146
2172	2171	2147
2172	2173	2148
2173	2174	2149
2174	2175	2150
2161	2194	2162
2183	2195	2182
2163	2162	2196
2181	2182	2197
2194	2196	2162
2195	2197	2182
2164	2163	2203
2165	2164	2204
2179	2180	2205
2180	2181	2206
2196	2198	2163
2197	2199	2181
2200	2198	2163
2201	2199	2181
2200	2203	2163
2201	2206	2181
2151	2216	2152
2152	2217	2153
2153	2218	2154
2154	2219	2155
2155	2220	2156
2156	2221	2157
2157	2222	2158
2158	2223	2159
2159	2224	2160
2160	2225	2161
2165	2230	2166
2166	2232	2167
2167	2234	2168
2168	2235	2169
2169	2236	2170
2171	2236	2170
2171	2237	2172
2173	2237	2172
2173	2238	2174
2175	2238	2174
2176	2239	2175
2177	2240	2176
2178	2242	2177
2179	2244	2178
2184	2249	2183
2185	2250	2184
2186	2251	2185
2187	2252	2186
2188	2253	2187
2189	2254	2188
2190	2255	2189
2191	2256	2190
2192	2257	2191
2193	2258	2192
2196	2202	2198
2197	2207	2199
2208	2203	2164
2209	2206	2180
2164	2210	2204
2180	2211	2205
2161	2226	2194
2183	2248	2195
2204	2165	2212
2205	2179	2213
2164	2208	2210
2180	2209	2211
2226	2196	2194
2248	2197	2195
2212	2214	2165
2213	2215	2179
2227	2200	2198
2247	2201	2199
2226	2202	2196
2248	2207	2197
2214	2230	2165
2215	2244	2179
2227	2198	2202
2247	2199	2207
2227	2203	2200
2247	2206	2201
2212	2210	2204
2213	2211	2205
2230	2166	2231
2232	2166	2231
2233	2232	2167
2233	2234	2167
2241	2240	2177
2241	2242	2177
2242	2178	2243
2244	2178	2243
2228	2208	2203
2246	2209	2206
2228	2210	2208
2246	2211	2209
2228	2210	2212
2246	2211	2213
2227	2226	2202
2228	2227	2203
2246	2247	2206
2247	2248	2207
2229	2212	2214
2245	2213	2215
2228	2229	2212
2246	2245	2213
2230	2214	2229
2244	2215	2245
2281	2216	2151
2282	2216	2152
2282	2217	2152
2283	2217	2153
2283	2218	2153
2284	2218	2154
2284	2219	2154
2285	2219	2155
2285	2220	2155
2286	2220	2156
2286	2221	2156
2287	2221	2157
2287	2222	2157
2288	2222	2158
2288	2223	2158
2289	2223	2159
2289	2224	2159
2290	2224	2160
2290	2225	2160
2291	2225	2161
2291	2226	2161
2298	2234	2168
2298	2235	2168
2300	2235	2169
2300	2236	2169
2302	2236	2171
2302	2237	2171
2304	2237	2173
2304	2238	2173
2306	2238	2175
2306	2239	2175
2308	2239	2176
2308	2240	2176
2315	2248	2183
2315	2249	2183
2316	2249	2184
2316	2250	2184
2317	2250	2185
2317	2251	2185
2318	2251	2186
2318	2252	2186
2319	2252	2187
2319	2253	2187
2320	2253	2188
2320	2254	2188
2321	2254	2189
2321	2255	2189
2322	2255	2190
2322	2256	2190
2323	2256	2191
2323	2257	2191
2324	2257	2192
2324	2258	2192
2325	2258	2193
2230	2259	2231
2244	2260	2243
2232	2231	2261
2242	2243	2262
2259	2261	2231
2260	2262	2243
2233	2232	2268
2234	2233	2269
2240	2241	2270
2241	2242	2271
2261	2263	2232
2262	2264	2242
2265	2263	2232
2266	2264	2242
2265	2268	2232
2266	2271	2242
2226	2292	2227
2228	2292	2227
2228	2293	2229
2230	2293	2229
2244	2313	2245
2246	2313	2245
2246	2314	2247
2248	2314	2247
2261	2263	2267
2264	2262	2272
2273	2268	2233
2274	2271	2241
2233	2275	2269
2241	2276	2270
2230	2294	2259
2244	2312	2260
2269	2234	2277
2270	2240	2278
2233	2273	2275
2241	2274	2276
2294	2261	2259
2312	2262	2260
2277	2279	2234
2278	2280	2240
2295	2265	2263
2311	2266	2264
2294	2267	2261
2312	2272	2262
2279	2298	2234
2280	2308	2240
2295	2263	2267
2311	2264	2272
2295	2268	2265
2311	2271	2266
2277	2275	2269
2278	2276	2270
2281	2216	2282
2282	2217	2283
2283	2218	2284
2284	2219	2285
2285	2220	2286
2286	2221	2287
2287	2222	2288
2288	2223	2289
2289	2224	2290
2290	2225	2291
2291	2226	2292
2292	2228	2293
2293	2230	2294
2298	2235	2299
2300	2235	2299
2300	2236	2301
2302	2236	2301
2302	2237	2303
2304	2237	2303
2304	2238	2305
2306	2238	2305
2306	2239	2307
2308	2239	2307
2313	2244	2312
2314	2246	2313
2315	2248	2314
2316	2249	2315
2317	2250	2316
2318	2251	2317
2319	2252	2318
2320	2253	2319
2321	2254	2320
2322	2255	2321
2323	2256	2322
2324	2257	2323
2325	2258	2324
2296	2273	2268
2310	2274	2271
2296	2275	2273
2310	2276	2274
2296	2275	2277
2310	2276	2278
2295	2294	2267
2296	2295	2268
2310	2311	2271
2311	2312	2272
2297	2277	2279
2309	2278	2280
2296	2297	2277
2310	2309	2278
2298	2279	2297
2308	2280	2309
2298	2326	2299
2308	2327	2307
2300	2299	2328
2306	2307	2329
2326	2328	2299
2327	2329	2307
2301	2300	2335
2302	2301	2336
2304	2305	2337
2305	2306	2338
2328	2330	2300
2329	2331	2306
2332	2330	2300
2333	2331	2306
2332	2335	2300
2333	2338	2306
2281	2348	2282
2282	2349	2283
2283	2350	2284
2284	2351	2285
2285	2352	2286
2286	2353	2287
2287	2354	2288
2288	2355	2289
2289	2356	2290
2290	2357	2291
2291	2358	2292
2292	2359	2293
2293	2360	2294
2294	2361	2295
2296	2361	2295
2296	2362	2297
2298	2362	2297
2302	2367	2303
2304	2367	2303
2308	2372	2309
2310	2372	2309
2310	2373	2311
2312	2373	2311
2313	2374	2312
2314	2375	2313
2315	2376	2314
2316	2377	2315
2317	2378	2316
2318	2379	2317
2319	2380	2318
2320	2381	2319
2321	2382	2320
2322	2383	2321
2323	2384	2322
2324	2385	2323
2325	2386	2324
2328	2334	2330
2329	2339	2331
2340	2335	2301
2341	2338	2305
2301	2342	2336
2305	2343	2337
2298	2363	2326
2308	2371	2327
2336	2302	2344
2337	2304	2345
2301	2340	2342
2305	2341	2343
2363	2328	2326
2371	2329	2327
2344	2346	2302
2345	2347	2304
2364	2332	2330
2370	2333	2331
2363	2334	2328
2371	2339	2329
2346	2367	2302
2347	2367	2304
2364	2330	2334
2370	2331	2339
2364	2335	2332
2370	2338	2333
2344	2342	2336
2345	2343	2337
2365	2340	2335
2369	2341	2338
2365	2342	2340
2369	2343	2341
2365	2342	2344
2369	2343	2345
2364	2363	2334
2365	2364	2335
2369	2370	2338
2370	2371	2339
2366	2344	2346
2368	2345	2347
2365	2366	2344
2369	2368	2345
2367	2346	2366
2367	2347	2368
2387	2348	2281
2388	2348	2282
2388	2349	2282
2389	2349	2283
2389	2350	2283
2390	2350	2284
2390	2351	2284
2391	2351	2285
2391	2352	2285
2392	2352	2286
2392	2353	2286
2393	2353	2287
2393	2354	2287
2394	2354	2288
2394	2355	2288
2395	2355	2289
2395	2356	2289
2396	2356	2290
2396	2357	2290
2397	2357	2291
2397	2358	2291
2398	2358	2292
2398	2359	2292
2399	2359	2293
2399	2360	2293
2400	2360	2294
2400	2361	2294
2401	2361	2296
2401	2362	2296
2402	2362	2298
2402	2363	2298
2408	2371	2308
2408	2372	2308
2409	2372	2310
2409	2373	2310
2410	2373	2312
2410	2374	2312
2411	2374	2313
2411	2375	2313
2412	2375	2314
2412	2376	2314
2413	2376	2315
2413	2377	2315
2414	2377	2316
2414	2378	2316
2415	2378	2317
2415	2379	2317
2416	2379	2318
2416	2380	2318
2417	2380	2319
2417	2381	2319
2418	2381	2320
2418	2382	2320
2419	2382	2321
2419	2383	2321
2420	2383	2322
2420	2384	2322
2421	2384	2323
2421	2385	2323
2422	2385	2324
2422	2386	2324
2423	2386	2325
2363	2403	2364
2365	2403	2364
2365	2404	2366
2367	2404	2366
2367	2406	2368
2369	2406	2368
2369	2407	2370
2371	2407	2370
2387	2348	2388
2388	2349	2389
2389	2350	2390
2390	2351	2391
2391	2352	2392
2392	2353	2393
2393	2354	2394
2394	2355	2395
2395	2356	2396
2396	2357	2397
2397	2358	2398
2398	2359	2399
2399	2360	2400
2400	2361	2401
2401	2362	2402
2402	2363	2403
2403	2365	2404
2404	2367	2405
2406	2367	2405
2407	2369	2406
2408	2371	2407
2409	2372	2408
2410	2373	2409
2411	2374	2410
2412	2375	2411
2413	2376	2412
2414	2377	2413
2415	2378	2414
2416	2379	2415
2417	2380	2416
2418	2381	2417
2419	2382	2418
2420	2383	2419
2421	2384	2420
2422	2385	2421
2423	2386	2422
2387	2424	2388
2388	2425	2389
2389	2426	2390
2390	2427	2391
2391	2428	2392
2392	2429	2393
2393	2430	2394
2394	2431	2395
2395	2432	2396
2396	2433	2397
2397	2434	2398
2398	2435	2399
2399	2436	2400
2400	2437	2401
2401	2438	2402
2402	2439	2403
2403	2440	2404
2404	2441	2405
2406	2441	2405
2407	2442	2406
2408	2443	2407
2409	2444	2408
2410	2445	2409
2411	2446	2410
2412	2447	2411
2413	2448	2412
2414	2449	2413
2415	2450	2414
2416	2451	2415
2417	2452	2416
2418	2453	2417
2419	2454	2418
2420	2455	2419
2421	2456	2420
2422	2457	2421
2423	2458	2422
2459	2424	2387
2460	2424	2388
2460	2425	2388
2461	2425	2389
2461	2426	2389
2462	2426	2390
2462	2427	2390
2463	2427	2391
2463	2428	2391
2464	2428	2392
2464	2429	2392
2465	2429	2393
2465	2430	2393
2466	2430	2394
2466	2431	2394
2467	2431	2395
2467	2432	2395
2468	2432	2396
2468	2433	2396
2469	2433	2397
2469	2434	2397
2470	2434	2398
2470	2435	2398
2471	2435	2399
2471	2436	2399
2472	2436	2400
2472	2437	2400
2473	2437	2401
2473	2438	2401
2474	2438	2402
2474	2439	2402
2475	2439	2403
2475	2440	2403
2476	2440	2404
2476	2441	2404
2477	2441	2406
2477	2442	2406
2478	2442	2407
2478	2443	2407
2479	2443	2408
2479	2444	2408
2480	2444	2409
2480	2445	2409
2481	2445	2410
2481	2446	2410
2482	2446	2411
2482	2447	2411
2483	2447	2412
2483	2448	2412
2484	2448	2413
2484	2449	2413
2485	2449	2414
2485	2450	2414
2486	2450	2415
2486	2451	2415
2487	2451	2416
2487	2452	2416
2488	2452	2417
2488	2453	2417
2489	2453	2418
2489	2454	2418
2490	2454	2419
2490	2455	2419
2491	2455	2420
2491	2456	2420
2492	2456	2421
2492	2457	2421
2493	2457	2422
2493	2458	2422
2494	2458	2423
2459	2424	2460
2460	2425	2461
2461	2426	2462
2462	2427	2463
2463	2428	2464
2464	2429	2465
2465	2430	2466
2466	2431	2467
2467	2432	2468
2468	2433	2469
2469	2434	2470
2470	2435	2471
2471	2436	2472
2472	2437	2473
2473	2438	2474
2474	2439	2475
2475	2440	2476
2476	2441	2477
2478	2442	2477
2479	2443	2478
2480	2444	2479
2481	2445	2480
2482	2446	2481
2483	2447	2482
2484	2448	2483
2485	2449	2484
2486	2450	2485
2487	2451	2486
2488	2452	2487
2489	2453	2488
2490	2454	2489
2491	2455	2490
2492	2456	2491
2493	2457	2492
2494	2458	2493
2459	2495	2460
2460	2496	2461
2461	2497	2462
2462	2498	2463
2463	2499	2464
2464	2500	2465
2465	2501	2466
2466	2502	2467
2467	2503	2468
2468	2504	2469
2469	2505	2470
2470	2506	2471
2471	2507	2472
2472	2508	2473
2473	2509	2474
2474	2510	2475
2475	2511	2476
2476	2512	2477
2478	2513	2477
2479	2514	2478
2480	2515	2479
2481	2516	2480
2482	2517	2481
2483	2518	2482
2484	2519	2483
2485	2520	2484
2486	2521	2485
2487	2522	2486
2488	2523	2487
2489	2524	2488
2490	2525	2489
2491	2526	2490
2492	2527	2491
2493	2528	2492
2494	2529	2493
2530	2495	2459
2531	2495	2460
2531	2496	2460
2532	2496	2461
2532	2497	2461
2533	2497	2462
2533	2498	2462
2534	2498	2463
2534	2499	2463
2535	2499	2464
2535	2500	2464
2536	2500	2465
2536	2501	2465
2537	2501	2466
2537	2502	2466
2538	2502	2467
2538	2503	2467
2539	2503	2468
2539	2504	2468
2540	2504	2469
2540	2505	2469
2541	2505	2470
2541	2506	2470
2542	2506	2471
2542	2507	2471
2543	2507	2472
2543	2508	2472
2544	2508	2473
2544	2509	2473
2545	2509	2474
2545	2510	2474
2546	2510	2475
2546	2511	2475
2547	2511	2476
2547	2512	2476
2548	2512	2477
2548	2513	2477
2549	2513	2478
2549	2514	2478
2550	2514	2479
2550	2515	2479
2551	2515	2480
2551	2516	2480
2552	2516	2481
2552	2517	2481
2553	2517	2482
2553	2518	2482
2554	2518	2483
2554	2519	2483
2555	2519	2484
2555	2520	2484
2556	2520	2485
2556	2521	2485
2557	2521	2486
2557	2522	2486
2558	2522	2487
2558	2523	2487
2559	2523	2488
2559	2524	2488
2560	2524	2489
2560	2525	2489
2561	2525	2490
2561	2526	2490
2562	2526	2491
2562	2527	2491
2563	2527	2492
2563	2528	2492
2564	2528	2493
2564	2529	2493
2565	2529	2494
2530	2495	2531
2531	2496	2532
2532	2497	2533
2533	2498	2534
2534	2499	2535
2535	2500	2536
2536	2501	2537
2537	2502	2538
2538	2503	2539
2539	2504	2540
2540	2505	2541
2541	2506	2542
2542	2507	2543
2543	2508	2544
2544	2509	2545
2545	2510	2546
2546	2511	2547
2547	2512	2548
2549	2513	2548
2550	2514	2549
2551	2515	2550
2552	2516	2551
2553	2517	2552
2554	2518	2553
2555	2519	2554
2556	2520	2555
2557	2521	2556
2558	2522	2557
2559	2523	2558
2560	2524	2559
2561	2525	2560
2562	2526	2561
2563	2527	2562
2564	2528	2563
2565	2529	2564