1	2	8
9	2	3
10	3	4
4	5	12
13	5	6
6	7	14
8	2	9
9	3	10
10	4	11
4	12	11
12	5	13
6	14	13
8	9	15
16	9	10
17	10	11
11	12	19
20	12	13
13	14	21
15	9	16
16	10	17
17	11	18
11	19	18
19	12	20
13	21	20
15	16	22
23	16	17
24	17	18
18	19	26
27	19	20
20	21	28
22	16	23
23	17	24
24	18	25
18	26	25
26	19	27
20	28	27
22	23	29
30	23	24
31	24	25
25	26	33
34	26	27
27	28	35
29	23	30
30	24	31
31	25	32
25	33	32
33	26	34
27	35	34
29	30	36
37	30	31
38	31	32
32	33	40
41	33	34
34	35	42
36	30	37
37	31	38
38	32	39
32	40	39
40	33	41
34	42	41
36	37	43
44	37	38
45	38	39
39	40	47
48	40	41
41	42	49
43	37	44
44	38	45
45	39	46
39	47	46
47	40	48
41	49	48
43	44	50
51	44	45
52	45	46
46	47	54
55	47	48
48	49	56
50	44	51
51	45	52
52	46	53
46	54	53
54	47	55
48	56	55
50	51	57
58	51	52
59	52	53
53	54	61
62	54	55
55	56	63
57	51	58
58	52	59
59	53	60
53	61	60
61	54	62
55	63	62
65	57	58
66	58	59
67	59	60
60	61	68
69	61	62
70	62	63
57	65	64
58	66	65
59	67	66
60	68	67
68	61	69
62	70	69
63	71	70
72	64	65
74	65	66
76	66	67
78	67	68
80	68	69
82	69	70
84	70	71
65	73	72
65	74	73
66	75	74
75	66	76
67	77	76
77	67	78
68	79	78
79	68	80
69	81	80
81	69	82
70	83	82
70	84	83
72	73	85
86	73	74
87	74	75
88	75	76
89	76	77
90	77	78
78	79	92
93	79	80
80	81	94
95	81	82
96	82	83
83	84	97
85	73	86
74	87	86
75	88	87
76	89	88
77	90	89
78	91	90
78	92	91
92	79	93
80	94	93
94	81	95
82	96	95
83	97	96
85	86	98
99	86	87
100	87	88
101	88	89
102	89	90
103	90	91
91	92	105
106	92	93
93	94	107
108	94	95
109	95	96
96	97	110
98	86	99
87	100	99
88	101	100
89	102	101
90	103	102
91	104	103
91	105	104
105	92	106
93	107	106
107	94	108
95	109	108
96	110	109
98	99	111
112	99	100
113	100	101
114	101	102
115	102	103
116	103	104
104	105	118
119	105	106
106	107	120
121	107	108
122	108	109
109	110	123
111	99	112
100	113	112
101	114	113
102	115	114
103	116	115
104	117	116
104	118	117
118	105	119
106	120	119
120	107	121
108	122	121
109	123	122
111	112	124
125	112	113
126	113	114
127	114	115
128	115	116
129	116	117
117	118	131
132	118	119
119	120	133
134	120	121
135	121	122
122	123	136
124	112	125
113	126	125
114	127	126
115	128	127
116	129	128
117	130	129
117	131	130
131	118	132
119	133	132
133	120	134
121	135	134
122	136	135
137	124	138
138	124	125
125	139	138
139	125	126
126	140	139
140	126	127
127	141	140
141	127	128
128	142	141
142	128	129
129	143	142
143	129	130
130	144	143
144	130	131
131	145	144
145	131	132
132	146	145
146	132	133
133	147	146
147	133	134
134	148	147
148	134	135
135	149	148
149	135	136
136	150	149
151	137	138
138	152	151
152	138	153
153	138	139
139	154	153
154	139	155
155	139	140
140	156	155
140	157	156
157	140	141
141	158	157
158	141	159
141	142	159
142	160	159
160	142	161
142	143	161
143	162	161
162	143	163
143	144	163
163	144	164
144	165	164
165	144	145
145	166	165
166	145	167
167	145	146
146	168	167
168	146	169
169	146	147
147	170	169
170	147	171
171	147	148
148	172	171
172	148	173
173	148	149
149	174	173
174	149	175
175	149	150
176	151	152
176	152	177
177	152	153
177	153	178
178	153	154
178	154	179
179	154	155
179	155	180
180	155	156
180	156	181
181	156	157
181	157	182
182	157	158
182	158	183
183	158	159
183	159	184
184	159	160
184	160	185
185	160	161
185	161	186
186	161	162
186	162	187
187	162	163
187	163	188
188	163	189
163	164	189
189	164	190
164	165	190
190	165	191
165	166	191
191	166	192
166	167	192
192	167	193
167	168	193
193	168	194
168	169	194
194	169	195
169	170	195
195	170	196
170	171	196
196	171	197
171	172	197
197	172	198
172	173	198
198	173	199
173	174	199
199	174	200
174	175	200
201	176	177
201	177	202
202	177	178
202	178	203
203	178	179
203	179	204
204	179	180
204	180	205
205	180	181
205	181	206
206	181	182
206	182	207
207	182	183
207	183	208
208	183	184
208	184	209
209	184	185
209	185	210
210	185	186
210	186	211
211	186	187
211	187	212
212	187	188
212	188	213
213	188	214
188	189	214
214	189	215
189	190	215
215	190	216
190	191	216
216	191	217
191	192	217
217	192	218
192	193	218
218	193	219
193	194	219
219	194	220
194	195	220
220	195	221
195	196	221
221	196	222
196	197	222
222	197	223
197	198	223
223	198	224
198	199	224
224	199	225
199	200	225
226	201	202
226	202	227
227	202	203
227	203	228
228	203	204
228	204	229
229	204	205
229	205	230
230	205	206
230	206	231
231	206	207
231	207	232
232	207	208
232	208	233
233	208	209
233	209	234
234	209	210
234	210	235
235	210	211
235	211	236
236	211	212
236	212	237
237	212	213
237	213	238
238	213	239
213	214	239
239	214	240
214	215	240
240	215	241
215	216	241
241	216	242
216	217	242
242	217	243
217	218	243
243	218	244
218	219	244
244	219	245
219	220	245
245	220	246
220	221	246
246	221	247
221	222	247
247	222	248
222	223	248
248	223	249
223	224	249
249	224	250
224	225	250
251	226	227
251	227	252
252	227	228
252	228	253
253	228	229
253	229	254
254	229	230
254	230	255
255	230	231
255	231	256
256	231	232
256	232	257
257	232	233
257	233	258
258	233	234
258	234	259
259	234	235
259	235	260
260	235	236
260	236	261
261	236	237
261	237	262
262	237	238
262	238	263
263	238	264
238	239	264
264	239	265
239	240	265
265	240	266
240	241	266
266	241	267
241	242	267
267	242	268
242	243	268
268	243	269
243	244	269
269	244	270
244	245	270
270	245	271
245	246	271
271	246	272
246	247	272
272	247	273
247	248	273
273	248	274
248	249	274
274	249	275
249	250	275
276	526	277
277	526	527
277	527	278
278	527	253
278	253	279
279	253	254
279	254	280
280	254	255
280	255	281
281	255	256
281	256	282
282	256	257
282	257	283
283	257	258
283	258	284
284	258	259
284	259	285
285	259	260
285	260	286
286	260	261
286	261	287
287	261	262
287	262	288
288	262	263
288	263	264
264	289	288
289	264	265
265	290	289
290	265	266
266	291	290
291	266	267
267	292	291
292	267	268
268	293	292
293	268	269
269	294	293
294	269	270
270	295	294
295	270	271
271	296	295
296	271	272
272	297	296
297	272	273
273	298	297
298	273	528
528	299	298
299	528	529
529	300	299
301	276	302
302	276	277
302	277	303
303	277	278
303	278	304
304	278	279
304	279	305
305	279	280
305	280	306
306	280	281
306	281	307
307	281	282
307	282	308
308	282	283
308	283	309
309	283	284
309	284	310
310	284	285
310	285	311
311	285	286
311	286	312
312	286	287
312	287	313
313	287	288
313	288	289
289	314	313
314	289	290
290	315	314
315	290	291
291	316	315
316	291	292
292	317	316
317	292	293
293	318	317
318	293	294
294	319	318
319	294	295
295	320	319
320	295	296
296	321	320
321	296	297
297	322	321
322	297	298
298	323	322
323	298	299
299	324	323
324	299	300
300	325	324
326	301	327
327	301	302
327	302	328
328	302	303
328	303	329
329	303	304
329	304	330
330	304	305
330	305	331
331	305	306
331	306	332
332	306	307
332	307	333
333	307	308
333	308	334
334	308	309
334	309	335
335	309	310
335	310	336
336	310	311
336	311	337
337	311	312
337	312	338
338	312	313
338	313	314
314	339	338
339	314	315
315	340	339
340	315	316
316	341	340
341	316	317
317	342	341
342	317	318
318	343	342
343	318	319
319	344	343
344	319	320
320	345	344
345	320	321
321	346	345
346	321	322
322	347	346
347	322	323
323	348	347
348	323	324
324	349	348
349	324	325
325	350	349
351	326	352
352	326	327
352	327	353
353	327	328
353	328	354
354	328	329
354	329	355
355	329	330
355	330	356
356	330	331
356	331	357
357	331	332
357	332	358
358	332	333
358	333	359
359	333	334
359	334	360
360	334	335
360	335	361
361	335	336
361	336	362
362	336	337
362	337	363
363	337	338
363	338	339
339	364	363
364	339	340
340	365	364
365	340	341
341	366	365
366	341	342
342	367	366
367	342	343
343	368	367
368	343	344
344	369	368
369	344	345
345	370	369
370	345	346
346	371	370
371	346	347
347	372	371
372	347	348
348	373	372
373	348	349
349	374	373
374	349	350
350	375	374
376	351	377
377	351	352
377	352	353
377	353	378
378	353	354
378	354	355
378	355	379
379	355	356
379	356	357
379	357	380
380	357	358
380	358	359
380	359	381
381	359	360
381	360	361
381	361	382
382	361	362
382	362	363
382	363	383
383	363	364
383	364	365
383	365	384
384	365	366
384	366	367
384	367	385
385	367	368
385	368	369
385	369	386
386	369	370
386	370	371
386	371	387
387	371	372
387	372	373
387	373	388
388	373	374
374	375	388
388	375	389
390	376	377
390	377	391
391	377	378
391	378	392
392	378	379
392	379	393
393	379	380
393	380	394
394	380	381
394	381	395
395	381	382
395	382	396
396	382	383
396	383	397
397	383	384
397	384	398
398	384	385
398	385	399
399	385	386
399	386	400
400	386	387
400	387	401
401	387	388
401	388	402
402	388	389
390	391	404
391	392	405
392	393	406
393	394	407
394	395	408
395	396	409
409	396	397
410	397	398
411	398	399
412	399	400
413	400	401
414	401	402
403	390	404
404	391	405
405	392	406
406	393	407
407	394	408
408	395	409
397	410	409
398	411	410
399	412	411
400	413	412
401	414	413
402	415	414
403	404	417
404	405	418
405	406	419
406	407	420
407	408	421
408	409	422
422	409	410
423	410	411
424	411	412
425	412	413
426	413	414
427	414	415
416	403	417
417	404	418
418	405	419
419	406	420
420	407	421
421	408	422
410	423	422
411	424	423
412	425	424
413	426	425
414	427	426
415	428	427
416	417	430
417	418	431
418	419	432
419	420	433
420	421	434
421	422	435
435	422	423
436	423	424
437	424	425
438	425	426
439	426	427
440	427	428
429	416	430
430	417	431
431	418	432
432	419	433
433	420	434
434	421	435
423	436	435
424	437	436
425	438	437
426	439	438
427	440	439
428	441	440
429	430	443
430	431	444
431	432	445
432	433	446
433	434	447
434	435	448
448	435	436
449	436	437
450	437	438
451	438	439
452	439	440
453	440	441
442	429	443
443	430	444
444	431	445
445	432	446
446	433	447
447	434	448
436	449	448
437	450	449
438	451	450
439	452	451
440	453	452
441	454	453
456	442	443
443	444	456
457	444	445
445	446	457
458	446	447
447	448	458
459	448	449
449	450	459
460	450	451
451	452	460
461	452	453
461	453	454
455	442	456
456	444	457
457	446	458
458	448	459
459	450	460
460	452	461
461	454	462
463	455	456
464	456	457
465	457	458
466	458	459
467	459	460
468	460	461
461	462	469
463	456	464
464	457	465
465	458	466
466	459	467
467	460	468
468	461	469
471	463	464
472	464	465
473	465	466
466	467	473
467	468	474
468	469	475
470	463	471
471	464	472
472	465	473
473	467	474
474	468	475
475	469	476
478	470	471
479	471	472
480	472	473
473	474	480
474	475	481
475	476	482
477	470	478
478	471	479
479	472	480
480	474	481
481	475	482
482	476	483
485	477	478
486	478	479
487	479	480
480	481	487
481	482	488
482	483	489
484	477	485
485	478	486
486	479	487
487	481	488
488	482	489
489	483	490
492	484	485
493	485	486
494	486	487
487	488	494
488	489	495
489	490	496
491	484	492
492	485	493
493	486	494
494	488	495
495	489	496
496	490	497
499	491	492
500	492	493
501	493	494
494	495	501
495	496	502
496	497	503
498	491	499
499	492	500
500	493	501
501	495	502
502	496	503
503	497	504
506	498	499
507	499	500
508	500	501
501	502	508
502	503	509
503	504	510
505	498	506
506	499	507
507	500	508
508	502	509
509	503	510
510	504	511
513	505	506
514	506	507
515	507	508
508	509	515
509	510	516
510	511	517
512	505	513
513	506	514
514	507	515
515	509	516
516	510	517
517	511	518
520	512	513
521	513	514
522	514	515
515	516	522
516	517	523
517	518	524
519	512	520
520	513	521
521	514	522
522	516	523
523	517	524
524	518	525
